0.0000000000000000001433771882256705362523389389618440016484058613995228
0.0000000000000000001311268400255460309172336941935573928262127922389277
0.0000000000000000001246765811871993135346582924537121196180587209458549
0.0000000000000000001141633558924605315768535293086587110594299785424123
0.0000000000000000001027333531979465368534292275942892336083350577365315
0.0000000000000000000921862470858082135226110673588047552980676573872004
0.0000000000000000000830018522980259059493885766286254479079704447819314
0.0000000000000000000751433149888403773655357383242217726800583110237973
0.0000000000000000000684280689760998975477499450690942538311992967894247
0.0000000000000000000626594855138307418265032302333158864653537932789003
0.0000000000000000000576656163464296729858830158268104941613271876787326
0.0000000000000000000533059424163227213415481636354988886732887101816207
0.0000000000000000000494682933338689911231353215772706487495462960200397
0.0000000000000000000460636771822106653233981123401302486215633300159945
0.0000000000000000000430213327593153799235900837387182220021024825999967
0.0000000000000000000402846997111724211723822598763834577062833547064306
0.0000000000000000000378082237974734815613081957121095226292492607453975
0.0000000000000000000355549483034359494263746585453780503676984098470693
0.0000000000000000000334946364625580733747294324348855039394267005845272
0.0000000000000000000316023723808603380028610656932706885987231945946055
0.0000000000000000000298574600220333008683170699229649980767048802553675
0.0000000000000000000282425963534556485687078173033668931927226976562474
0.0000000000000000000267432087116411684183884231691797798717929201266243
0.0000000000000000000253469525902531240721278474289912993830453771272289
0.0000000000000000000240433012629824305647291756696642374647930516128079
0.0000000000000000000228232233343038514334802159555663777516604875245837
0.0000000000000000000216789233487703926086253941959329661830621730682638
0.0000000000000000000206036383728041648621850619582009619071783574067141
0.0000000000000000000195914658254901165710776841295116366350835420615673
0.0000000000000000000186372283011287965935456734487328407969675911790187
0.0000000000000000000177363620861262557379582496610715500898362238530836
0.0000000000000000000168848308832576038673430697309719231497270058468339
0.0000000000000000000160790334685307590395850796506649356968211363953354
0.0000000000000000000153157539052503588156289581018855033918307391031567
0.0000000000000000000145921014556977619424189340195749461991931314044921
0.0000000000000000000139054770027244193251810400581270868045361934806266
0.0000000000000000000132535113620520510515758445923457483191951953804191
0.0000000000000000000126340704486819691715429326071440298871978538770852
0.0000000000000000000120452005430558364184227459700859445947041260018254
0.0000000000000000000114851136187033831052602622495059717168173051466908
0.0000000000000000000109521551447747533523537881086588759361105615269216
0.0000000000000000000104448283806299011239487121234412749096568096761460
0.0000000000000000000099617120833528089930767899727531369234051875077687
0.0000000000000000000095015113566284335124383883677452568620993498793892
0.0000000000000000000090630173588109249765760277759179745537996755362836
0.0000000000000000000086451054337549132353220224467621701759588862871144
0.0000000000000000000082467125448715725219077689095979559446841205305981
0.0000000000000000000078668631489783409461551782519865090450085589844282
0.0000000000000000000075046279814095160390154083955295217140771194367673
0.0000000000000000000071591391376770113993879056583531404815962497240885
0.0000000000000000000068295785424903712136715987058789821716240865948533
0.0000000000000000000065151840069254792447530022667180877923238661888242
0.0000000000000000000062152278429050583083854579949022746296302992958156
0.0000000000000000000059290268505204897815588536199437631591858296735618
0.0000000000000000000056559353522547380217250641326842298612198823301494
0.0000000000000000000053953408691197790946419034752562327981673671446728
0.0000000000000000000051466592283702059507600167147848066168083978076225
0.0000000000000000000049093389780929618066520027779951499676854712357295
0.0000000000000000000046828569201938155457491337552461382249866217489592
0.0000000000000000000044667140921030603851566439372593115917584273895851
0.0000000000000000000042604355221276610077687498097362131382134454019668
0.0000000000000000000040635726413786055459172832101315260308102512918187
0.0000000000000000000038756957542294699363552131203128321250825611764838
0.0000000000000000000036963976076652979822525509819282283841623742105225
0.0000000000000000000035252879363838468637758796138181051160358555537913
0.0000000000000000000033620004946357513320214870688735756882074775953522
0.0000000000000000000032061786614055089884900001390565174949710982391014
0.0000000000000000000030574888749413318480789132909142973294365267408068
0.0000000000000000000029156053434123805846136788448030175104807471911866
0.0000000000000000000027802250532025777527126003393145934051638680262254
0.0000000000000000000026510478654145927188495838754117478575429483810006
0.0000000000000000000025277975362565235722627238374398872185233061824382
0.0000000000000000000024101995744939285185422156964804972727913801696402
0.0000000000000000000022980019031763906605707145086997977949791609655593
0.0000000000000000000021909529480147077157746410908930694324580959668698
0.0000000000000000000020888239941519834654196801585613143148021418365583
0.0000000000000000000019913870081068907680969213544067822948833062022986
0.0000000000000000000018984344054854614739636217356755941480055980739147
0.0000000000000000000018097594244149685698152357433993597063351046572475
0.0000000000000000000017251727613203787811776001767879174445578054247189
0.0000000000000000000016444859518279714707875167668801668836790715263236
0.0000000000000000000015675249939485020669720812689201324446039595349526
0.0000000000000000000014941183882975239686661151039322408438776427090106
0.0000000000000000000014241068591773305832459043037677992542014166105097
0.0000000000000000000013573353407561003068625500307695460966323396889293
0.0000000000000000000012936578310644916233291542970308015592481348908908
0.0000000000000000000012329322041635482055533944327730882830568886212622
0.0000000000000000000011750234217918225940544797090005802032430055861026
0.0000000000000000000011198021532855309625739526952534490033154891582111
0.0000000000000000000010671451880793189496519963503826927803557946495989
0.0000000000000000000010169359780450291388322869006278915509757224905531
0.0000000000000000000009690648715759653955838739855242358507111482306178
0.0000000000000000000009234267658191101703387453921656042364231376344293
0.0000000000000000000008799194559081213432654538598677440704553349262423
0.0000000000000000000008384440509929555232687531392484773084636001951242
0.0000000000000000000007989071719297267802778766574035838893285733958844
0.0000000000000000000007612172728968792798645646389500828943699510667496
0.0000000000000000000007252901468380030713786689829497068684804682392045
0.0000000000000000000006910455072029540627653322324319054687680983155139
0.0000000000000000000006584085855449243750468841894879602998313183411857
0.0000000000000000000006272997212985160626172381407754840461636976360517
0.0000000000000000000005976473291224707296982945828216557519810072377442
0.0000000000000000000005693802653749186659013588663415144642431388979962
0.0000000000000000000005424347412750546893938709761736855254079766621114
0.0000000000000000000005167498101627990071711373582702475179058662939769
0.0000000000000000000004922775580756930555571052083013517175937827280312
0.0000000000000000000004689549025259898430235081552912360631122543092559
0.0000000000000000000004467271106103416753073943977143527113724789256226
0.0000000000000000000004255412547993718955456259067518795379440098021838
0.0000000000000000000004053511690002905822521358403073214660691417873683
0.0000000000000000000003861100723907404090757029023298698398881146616401
0.0000000000000000000003677792939096664945768759071083454507749514362249
0.0000000000000000000003503145124089014998401893695363381437085767718955
0.0000000000000000000003336735316326413867884793169248256076842679282248
0.0000000000000000000003178150697175870719308818473418494889448461148232
0.0000000000000000000003027038731418621926216386122950619957134274165733
0.0000000000000000000002883048559116014318102838388968173055162914316664
0.0000000000000000000002745867320226105968961262693830660468828494303989
0.0000000000000000000002615193294243259832671654115560068301233177758030
0.0000000000000000000002490725584307114112266586582225286839342487012484
0.0000000000000000000002372158917977636248655204409224545698369500161305
0.0000000000000000000002259210442310117461504846762411783078514982883933
0.0000000000000000000002151619547472464678325151927722087207122577581565
0.0000000000000000000002049137134566432921425924912071909889259026158994
0.0000000000000000000001951526552654901114298037970227021512037303695937
0.0000000000000000000001858564312763972561524823201017524056904025136723
0.0000000000000000000001770021649397946864718563630071862689921548332329
0.0000000000000000000001685678165711964183780491412372676408038125724544
0.0000000000000000000001605319491281844859536912522413640996734209081783
0.0000000000000000000001528763322664440287333666506615573560133475277437
0.0000000000000000000001455823679157950436033321866808267733139164517553
0.0000000000000000000001386346537143661666359131949564362509360961042688
0.0000000000000000000001320163991432404071009740168892278203960683531230
0.0000000000000000000001257135495551147142548261972282396043108940758115
0.0000000000000000000001197093333462958093793765800620880082887178080688
0.0000000000000000000001139908764269930387812040373721501167642837003442
0.0000000000000000000001085432195469702375484310185805819951152891026224
0.0000000000000000000001033554503165971543176510154106632951524752348838
0.0000000000000000000000984140489563549954967419540618067052801617119174
0.0000000000000000000000937091438117297567739010440397513791551141910641
0.0000000000000000000000892278718477268062710242620729635102142416442491
0.0000000000000000000000849605290521961339221735443958380039305808805250
0.0000000000000000000000808953314073072865784325009596652419330519825330
0.0000000000000000000000770238556379766527215859460776796673823997790860
0.0000000000000000000000733363254551134373584555498100607129976179147857
0.0000000000000000000000698255061442655008141510053758393371821425708855
0.0000000000000000000000664827835511515067421401118542330930858337683626
0.0000000000000000000000633008873903617579676624173235178398138016384194
0.0000000000000000000000602716645412081644371715490071498510218736001298
0.0000000000000000000000573879222945182652111812754664777455851884901010
0.0000000000000000000000546422580274398999711455599072896241163752645288
0.0000000000000000000000520281801863320737739408721939525312002024840907
0.0000000000000000000000495394786487640948429007322959293038492703624621
0.0000000000000000000000471699915246493658812734485760576722440643280710
0.0000000000000000000000449136291333114543307531853894576790282699551337
0.0000000000000000000000427647202157770094494926659265910094110261901158
0.0000000000000000000000407178458250253116250783915092054002579264089334
0.0000000000000000000000387678630768451704256580096821364837446513539281
0.0000000000000000000000369102280445277403444768324700679276984281309739
0.0000000000000000000000351413188227154405328954812484110165832267863878
0.0000000000000000000000334567924305051091900809957972982722139768164993
0.0000000000000000000000318528643737901062226069472497172926434973604800
0.0000000000000000000000303255749269273705689341046138764059644601655556
0.0000000000000000000000288718150165125404186626299827206214455296768158
0.0000000000000000000000274868772532399182508619156666626994752605210054
0.0000000000000000000000261682825545268610459413411787953738417258815578
0.0000000000000000000000249128583373833148645306261487241036007165896139
0.0000000000000000000000237176914797330921743400474339932622666730739620
0.0000000000000000000000225788073947070081380775965101831055578880950737
0.0000000000000000000000214954476421130809168026029486040916857240155699
0.0000000000000000000000204631240028165583663021197748900975754022690826
0.0000000000000000000000194801117796616576693915032468496039222925698874
0.0000000000000000000000185443087918758237261749177658066465495844210235
0.0000000000000000000000176540002102782560398247126903060777008056563826
0.0000000000000000000000168062340917299308099516114385332026295777453286
0.0000000000000000000000160000934417078950783355218533970549543991584976
0.0000000000000000000000152330867160763070203021141559606995830387412641
0.0000000000000000000000145032385360755923201534987102265953570736987137
0.0000000000000000000000138083719440530313458534182614088919570785129852
0.0000000000000000000000131471952936472989227101270778358126971524056104
0.0000000000000000000000125175899745025207321369453153073300324259872128
0.0000000000000000000000119179707026732844061574942615467500928492383514
0.0000000000000000000000113469208901506131114041525578852256459958027849
0.0000000000000000000000108030539240096524562901203326087601295923346133
0.0000000000000000000000102848192530915492629810800971413947814796985083
0.0000000000000000000000097910655202759769699682442065518233870787441027
0.0000000000000000000000093208534271244847245468118152580313277836647085
0.0000000000000000000000088730921397521529266526531785675955979345838950
0.0000000000000000000000084467343538575386530961124298119816744709236042
0.0000000000000000000000080409644584349288096638774608512362158563928877
0.0000000000000000000000076547454212143321139519395989141982842778619536
0.0000000000000000000000072871073371179467689777885565923603045715568178
0.0000000000000000000000069369625857087474056174963971088418355226589229
0.0000000000000000000000066037000511559483719908416288684535688886042086
0.0000000000000000000000062861894030114325003994651279179083419059655651
0.0000000000000000000000059839148612777492833138503931892942030557494644
0.0000000000000000000000056958845054207837963322000900020403629614578689
0.0000000000000000000000054218517830173997153554615147210214574436440216
0.0000000000000000000000051607678769967851537581225353451682787589178072
0.0000000000000000000000049125268708350463960723931924868396182172139873
0.0000000000000000000000046761956686274389580665615538068041869829992209
0.0000000000000000000000044516879092946078001056207672208994775805944757
0.0000000000000000000000042379872154396066251038702972131485947285988020
0.0000000000000000000000040350104116590569251510485072396334573834218453
0.0000000000000000000000038417969797192586827291834355707236774929795183
0.0000000000000000000000036581878958952463158632015469384302690209172772
0.0000000000000000000000034832877519303918176005243876460465045743913395
0.0000000000000000000000033169118957669548940606181061854818129158554108
0.0000000000000000000000031582697703232200961775564459617264783609477796
0.0000000000000000000000030071539818302519639888614038793583644770992643
0.0000000000000000000000028629818910977086982758018758459212908748749019
0.0000000000000000000000027256167177839995360893162481347385511826358368
0.0000000000000000000000025947115417260399760311301723999213743476748773
0.0000000000000000000000024701351264998443756866528065774716167682190079
0.0000000000000000000000023515483877656590797048357541893770261365695165
0.0000000000000000000000022386769194554425055378969531299605729556836851
0.0000000000000000000000021312025045728990481984773698037748693682759700
0.0000000000000000000000020288080754319292923525322000693097311931175848
0.0000000000000000000000019312359010343819838656578355084310016066078114
0.0000000000000000000000018383381870163526694176234786984928184801858997
0.0000000000000000000000017499478814163904755995436199011533407660105078
0.0000000000000000000000016657908064354331275180713288590761396496554971
0.0000000000000000000000015855655699937163078147139103956428249384515950
0.0000000000000000000000015091295969202594278116760455486295465616187760
0.0000000000000000000000014362086289053298950850785406840968605089860960
0.0000000000000000000000013667992718981897068574569223462383824202894480
0.0000000000000000000000013009000592603917276747441568105615932465777395
0.0000000000000000000000012386352001180129787521252630155368114259143384
0.0000000000000000000000011794517053984664903269018103190221153843295356
0.0000000000000000000000011231618051946909442108283035500545345858990508
0.0000000000000000000000010693686042836352330694811695062021957133221298
0.0000000000000000000000010179989872354268059861708278007083398896421056
0.0000000000000000000000009689353406504661467571073902017824479213740198
0.0000000000000000000000009228843592133771364724622545155384148683477204
0.0000000000000000000000008791415771649552107323989370334408967289644091
0.0000000000000000000000008374670751652553797566685486404551451228621338
0.0000000000000000000000007975521509088513619735705584097669511233456032
0.0000000000000000000000007594156069404949047234998587911100729961876547
0.0000000000000000000000007228743241964616554900215768843542283431040250
0.0000000000000000000000006882700574781909858136213694963112731552478502
0.0000000000000000000000006553864117223539670115632211223485503876069783
0.0000000000000000000000006240484584155311470163637669283108383634207527
0.0000000000000000000000005940090507944466811707459230203134083117290408
0.0000000000000000000000005653360476304095454737856963438603109400671855
0.0000000000000000000000005379494468993627452983403345652910538829603251
0.0000000000000000000000005119226723617888706331859853614120892952735656
0.0000000000000000000000004872919232569873056157879973998843816992546299
0.0000000000000000000000004639845829000161707572571848067353943722728126
0.0000000000000000000000004417905553210491532802747683311320822314847575
0.0000000000000000000000004205791127839928067393085855677544270983204273
0.0000000000000000000000004003100300233877818639786062174324327125668599
0.0000000000000000000000003809558197088654383507205810161426284781192218
0.0000000000000000000000003625251468583850123453757434650603491377666029
0.0000000000000000000000003450656944511390543785962577033986736527517349
0.0000000000000000000000003285206051013178796628272342930637012024505260
0.0000000000000000000000003128153927514990919170743136368526476512914454
0.0000000000000000000000002978396590121334960075311668891005402773148763
0.0000000000000000000000002836306233729517760342856012244442656760293425
0.0000000000000000000000002701093034991548991003571400967162874816257980
0.0000000000000000000000002573499346834931139903661318710665291157038728
0.0000000000000000000000002452519114286786871828779957845045143992703717
0.0000000000000000000000002338498141750762844335511219844469404204918322
0.0000000000000000000000002229243910656740998165621238779854057883609288
0.0000000000000000000000002125027646734785331287333085839547826381317197
0.0000000000000000000000002024254882633379840114975993710302178970952815
0.0000000000000000000000001928091086873105041302385817343565757103646805
0.0000000000000000000000001835472611390957124767209774033010478029419727
0.0000000000000000000000001747812049774546981393847767504104849794811054
0.0000000000000000000000001663899663108466791053829985180623721245639802
0.0000000000000000000000001584466809586113456540707580457460726503829921
0.0000000000000000000000001508224941979466822890481585015622776153301109
0.0000000000000000000000001435897799875579109117531622447923637592719742
0.0000000000000000000000001366732578139137457196172002555090233955532787
0.0000000000000000000000001301487668849850847530477614767491654875987103
0.0000000000000000000000001239527464610520742631414542787046515636787664
0.0000000000000000000000001180937221187530273114061761466164375167878631
0.0000000000000000000000001124944262628136499534932343373999386298615578
0.0000000000000000000000001071389572128918689810220713331807261003745911
0.0000000000000000000000001019830048857796160051606640102436746255228952
0.0000000000000000000000000970434285458816230360949264505228754225564250
0.0000000000000000000000000923491461674460672044344506517664150836809958
0.0000000000000000000000000879142476683145044706887758929364557848955409
0.0000000000000000000000000837301310951701864772007781515634541841503516
0.0000000000000000000000000797905625608536206803730281537614966168928054
0.0000000000000000000000000760794444526721438996149366699853188466816932
0.0000000000000000000000000725614237093721883488737229796639141645035086
0.0000000000000000000000000692191247416550691231211673843254900879378327
0.0000000000000000000000000660812030943355952781656014470276480235343788
0.0000000000000000000000000631062114113121409710573295524380101930256251
0.0000000000000000000000000602690404942653577545846692892476880998778428
0.0000000000000000000000000575334496480780016510067145949120999274174295
0.0000000000000000000000000549270273033593800745355723456208385922889619
0.0000000000000000000000000523493753574181570653507137312750749398568094
0.0000000000000000000000000498604665959488376873289475337546904791329503
0.0000000000000000000000000474827140371753971635212015059489493187754733
0.0000000000000000000000000452467449248668016860773419184345744137616071
0.0000000000000000000000000430420175242838855389942960278871763035755264
0.0000000000000000000000000410654434603468844608994807348051726594848571
0.0000000000000000000000000391404996656102648786462565064368156670702612
0.0000000000000000000000000373051623405628045711646872648650504748723327
0.0000000000000000000000000355743067701853878021483513391132190675872416
0.0000000000000000000000000339608306886210580959273042553583203924257320
0.0000000000000000000000000323770596149135374219554990924080969672243886
0.0000000000000000000000000309006496098278332865788712190615206360255456
0.0000000000000000000000000294838648067715243573119147568081472489990318
0.0000000000000000000000000281159114209239874784844122164988698195754825
0.0000000000000000000000000267772562806565435114365049844735655389937451
0.0000000000000000000000000255189763822794871453660582228416511197181772
0.0000000000000000000000000243221633226134118631301703932999188383980339
0.0000000000000000000000000231967734951264820042903816252576194085975310
0.0000000000000000000000000221594009366793436213106661840374943899043058
0.0000000000000000000000000212103078873736398915028659522027746219906845
0.0000000000000000000000000203220302390193322757450929591201450088764403
0.0000000000000000000000000194854985921908584222275688919120077107577971
0.0000000000000000000000000187029631134597074105214559279405512311092179
0.0000000000000000000000000179578926655466624539412396628536564278511680
0.0000000000000000000000000172341004017654707056058818779570946810913004
0.0000000000000000000000000165363925148483099440584070899003648986825464
0.0000000000000000000000000158535599038266394872490889609480651059217872
0.0000000000000000000000000151813408306005352194610957755699666965251819
0.0000000000000000000000000145102793912690606861885657526937693900612943
0.0000000000000000000000000138689438059275377510522079544151298267380265
0.0000000000000000000000000132458072498301382634128391858696263537900519
0.0000000000000000000000000126653084896894873291444275548932354640828373
0.0000000000000000000000000121139932896978790306882290552358031470854115
0.0000000000000000000000000116173275478184698389776367481482475354032387
0.0000000000000000000000000111399740653227803930569392132365691142698648
0.0000000000000000000000000107031688584019611298567324850254531404188743
0.0000000000000000000000000102745539616371852028498311588364880088146863
0.0000000000000000000000000098822937394792677977267458904717238668781779
0.0000000000000000000000000094834717690394928595491706691620253364540287
0.0000000000000000000000000091099122859901924360910312613593838913220986
0.0000000000000000000000000087313943149934916014520972559266139437261136
0.0000000000000000000000000083757220435435481251809462269380405105228037
0.0000000000000000000000000080224762645974956180703362559124067656428032
0.0000000000000000000000000077024275740690004925938314360798374963241639
0.0000000000000000000000000074005726759653261165867216066776105941840709
0.0000000000000000000000000071361294038492166838602297669966303447506329
0.0000000000000000000000000068931322904885165422265066044127424214147254
0.0000000000000000000000000066794394308065711966173036860149801155951191
0.0000000000000000000000000064821385638366585015034797428565326181738020
0.0000000000000000000000000063039983486966587917515969794575442795169685
0.0000000000000000000000000061350187083416833129367547522121642293704931
0.0000000000000000000000000059711039143856719091855078058961076284064218
0.0000000000000000000000000058041033624020627676088177456733951297777749
0.0000000000000000000000000056261974238382411423001202987352585963938635
0.0000000000000000000000000054353261368179601496673288985247500092341076
0.0000000000000000000000000052401792959904637072048248816194930609483542
0.0000000000000000000000000050538671279694018519304467445489697912586381
0.0000000000000000000000000048845086291369707210840640381934345200182299
0.0000000000000000000000000047334098622072399114463359838015241751208726
0.0000000000000000000000000045994441644241876573388570673658816499993465
0.0000000000000000000000000044647469494322758171003969766884036862379152
0.0000000000000000000000000043288858185939469489219148619011440529975322
0.0000000000000000000000000041976710257432769803259642387181644120304430
0.0000000000000000000000000040967762389279432579721920530097985839339609
0.0000000000000000000000000040162736642085734818310607248289687222847014
0.0000000000000000000000000039612549891380692537501372808868473656037828
0.0000000000000000000000000038828146461850788335469599326742037780789246
0.0000000000000000000000000037427103262057661140725882376283149710207838
0.0000000000000000000000000035417928240307060403720813023937138273122398
0.0000000000000000000000000034678134740481321930986241711617549102006911
0.0000000000000000000000000034547892818617371744822130741315285031061246
0.0000000000000000000000000034169039305664710389596779783371483365100501
0.0000000000000000000000000033211151730325392076875133110850583111886347
0.0000000000000000000000000032213446533849435657245333057922523514013190
0.0000000000000000000000000031487028058393954863790914597579900385787159
0.0000000000000000000000000031325347044052545611141185350293631367488989
0.0000000000000000000000000031399737696060620502975263328352849527178636
0.0000000000000000000000000031459835063558890394846245020523449117077443
0.0000000000000000000000000031173649909864685716953206428986385050930539
0.0000000000000000000000000030568093202344695364710517333087633695110716
0.0000000000000000000000000029831976874568852498971958001469713329721519
0.0000000000000000000000000029250849403216341599974707375752269375063747
0.0000000000000000000000000028872034565056363025547819736217303162852541
0.0000000000000000000000000028557316233328969940901973464081774709185449
0.0000000000000000000000000028182460217870001969857307933140833613578470
0.0000000000000000000000000027669790284260420342685801675639731930070088
0.0000000000000000000000000027062399202648696650118453828600964235621913
0.0000000000000000000000000026556174865646971630096853627165577240430598
0.0000000000000000000000000026323507543131426794884772599452851277118816
0.0000000000000000000000000026324863122434934857486624795341164654786828
0.0000000000000000000000000026328238894338795920366122996456783422044187
0.0000000000000000000000000026234910188430805302802773250403892092824343
0.0000000000000000000000000025944458962320741734936167417996762196737383
0.0000000000000000000000000025514771402580684375770610612081358251061071
0.0000000000000000000000000025063087843462062518493624532950469587168927
0.0000000000000000000000000024814346224629987727010435330741519347050688
0.0000000000000000000000000024677908077282750348930187609724356710773378
0.0000000000000000000000000024536136598220378880914029892761073030212506
0.0000000000000000000000000024319950225774308084552797066982143986030233
0.0000000000000000000000000024100354674335336077560539516476097356269825
0.0000000000000000000000000023840780320779129300159124907010378083073752
0.0000000000000000000000000023794955754290704934916472176823869232560272
0.0000000000000000000000000023923960013513844518602669945818247469466997
0.0000000000000000000000000024213636558564444524967939975507599336958775
0.0000000000000000000000000024349571570977289391722371389602397603028238
0.0000000000000000000000000024340020178023294940136541827358470327456004
0.0000000000000000000000000024193531540277239413308178613415214872223478
0.0000000000000000000000000023969390053772617908610955346370180447290100
0.0000000000000000000000000023728764346302640135709952495215766672772444
0.0000000000000000000000000023658156368789095887915341247543337425312759
0.0000000000000000000000000023634272604709601484563511510744478206625122
0.0000000000000000000000000023484873076598977442958010383931628127652780
0.0000000000000000000000000023218360690334591086172529284665995348923082
0.0000000000000000000000000023018080928816733556538918919829148310159172
0.0000000000000000000000000022876586101962104372853394396535849518318204
0.0000000000000000000000000022845422158699549608257103275292484199559470
0.0000000000000000000000000023018814621660786248017917345725623778195603
0.0000000000000000000000000023259301402789229869398565231800026289324166
0.0000000000000000000000000023273136452618716967519966195441551899773478
0.0000000000000000000000000023088666656814530481611920222348038253773883
0.0000000000000000000000000022935452557673605451498200636178570738359210
0.0000000000000000000000000022792568886864984057894791602131349502229888
0.0000000000000000000000000022654195086225790323773209914460278857202577
0.0000000000000000000000000022677085074719083765297478243912435381026319
0.0000000000000000000000000022784788407051955793643429486547542627628918
0.0000000000000000000000000022651144227411623807844680225227302973383875
0.0000000000000000000000000022372137262182567581439776548875666370717584
0.0000000000000000000000000022376780137742009245227189799000827659996991
0.0000000000000000000000000022490231632114412030157876255972948667467941
0.0000000000000000000000000022573592923030084908839057594015639347496163
0.0000000000000000000000000022861573476983210064993576562447234428395222
0.0000000000000000000000000023422900854025317964741363082789497626617839
0.0000000000000000000000000022940923583001120238260076523485233405164473
0.0000000000000000000000000023040939873575915822239719276795014239528094
0.0000000000000000000000000022933493685274041982203507522340956549223370
0.0000000000000000000000000022707908216788014894684857449977008379207816
0.0000000000000000000000000022779017460367676137536731429322271196729915
0.0000000000000000000000000022945806331862354861213560126156564955718761
0.0000000000000000000000000022803109511820543743257148747745577775403312
0.0000000000000000000000000022586203407459209899295570595482862043994244
0.0000000000000000000000000022366113992641904665144943146348638012780199
0.0000000000000000000000000022277266894312335223937546461295498515034577
0.0000000000000000000000000022384305399365494790260338284680648704283933
0.0000000000000000000000000022679548145320948740630655233399992749307045
0.0000000000000000000000000022960001054610328816110762654840477664490286
0.0000000000000000000000000023003879296284125865530877232825811602676422
0.0000000000000000000000000022833373977528417681859923238511950011104093
0.0000000000000000000000000022556910232079497728214456230450372490915740
0.0000000000000000000000000022423504931221119203018957584340778011102810
0.0000000000000000000000000022490764036286225523667244941998784891386951
0.0000000000000000000000000022642675247860500742411340080241747486211943
0.0000000000000000000000000022710855114382715250397746285718753272995740
0.0000000000000000000000000022594242453349235255929205411377469768715506
0.0000000000000000000000000022347021862041099256274874281765281508961032
0.0000000000000000000000000022105735990586696205760973267015395926651063
0.0000000000000000000000000022190508602165432540217411835226984234307311
0.0000000000000000000000000022581389898316489607578459456985244160142000
0.0000000000000000000000000023013303459364315530049551111568561970502546
0.0000000000000000000000000023208985917025991744350509483612916929619666
0.0000000000000000000000000023131592295815599292042839500914432214313895
0.0000000000000000000000000022841563934291814806478842227426917225062400
0.0000000000000000000000000022489609787997910174631737897710170655600124
0.0000000000000000000000000022464560943159541442953745929479882731302505
0.0000000000000000000000000022727906767014188573553282782393473600278344
0.0000000000000000000000000022905431311856570172835759874613529616064959
0.0000000000000000000000000022832126785088647730123765964678365351739192
0.0000000000000000000000000022485077037039397674125950020239943745692208
0.0000000000000000000000000022105236502680451447547501385278253588186456
0.0000000000000000000000000021869946447080286574299747295204839014621253
0.0000000000000000000000000022115981441132435759863448030648604233438948
0.0000000000000000000000000022788582668809256515223579907160179387255259
0.0000000000000000000000000023269192216461731406665064093893917753962357
0.0000000000000000000000000023164559855808090403099116555463751477913595
0.0000000000000000000000000022733734070776365834154453466928145859341781
0.0000000000000000000000000022268378923499106635730221149201597586246758
0.0000000000000000000000000021967161196521976583576749119125587080579344
0.0000000000000000000000000022172944093412751480588560803412981442908700
0.0000000000000000000000000022825331489730082699679591305189206368566433
0.0000000000000000000000000023112387534848189707456190449429022303931479
0.0000000000000000000000000022586419268459243329896764157414837927132770
0.0000000000000000000000000021838428043250247060792209220990157561192270
0.0000000000000000000000000021461478664528196465478418947143329495552574
0.0000000000000000000000000021581678359267980880446264121291331627115815
0.0000000000000000000000000022422584035783334153688675669228219268173346
0.0000000000000000000000000023746035582685128593653662448448458698480354
0.0000000000000000000000000024231185322982175778769794639939195311808796
0.0000000000000000000000000023158934445126410575560821244456891566153293
0.0000000000000000000000000021746047051108005469636616550797971381338407
0.0000000000000000000000000021229028653712231622071982352113843805237584
0.0000000000000000000000000021579282344368744874838038244738943225412828
0.0000000000000000000000000022790762146274905174187536203695809917884806
0.0000000000000000000000000024434165646010935502263685459153546209102889
0.0000000000000000000000000023935679807148478647376721027149248188287335
0.0000000000000000000000000020130578422756613871640560069594110709482811
0.0000000000000000000000000017581582103920753836898839705759571431810044
0.0000000000000000000000000021020589953762941635590851203663138591222658
0.0000000000000000000000000026442691120336584640729536185218249008496601
0.0000000000000000000000000027157503033037773026286817778769569828701136
0.0000000000000000000000000022182974827757927633569514915754533715693973
0.0000000000000000000000000018544308769987686909507040834422944320097628
0.0000000000000000000000000020018918306287430267397027322744180665889131
0.0000000000000000000000000022983297455320319654695052718807453320406269
0.0000000000000000000000000023790285495341048345571255847882980168803624
0.0000000000000000000000000023028079344810383842973439520096617135388122
0.0000000000000000000000000021889209037271826133913884775625701841120002
0.0000000000000000000000000020772246846164766451739399908811216262610679
0.0000000000000000000000000020655211617138103917392505596994179106314285
0.0000000000000000000000000022058050043663910679428672677789825866643498
0.0000000000000000000000000023494303433358390262914530382233314502878195
0.0000000000000000000000000023493956750482449445478469052430766841028469
0.0000000000000000000000000022588091451821734954831959827594763578761618
0.0000000000000000000000000021695955474846121424043825746331155144409628
0.0000000000000000000000000021095088486220031544083532383784706099421586
0.0000000000000000000000000021100482275649227743002180210380543625655578
0.0000000000000000000000000021909032087796287747422310608880343242848162
0.0000000000000000000000000022649819797494073602439412238402799123733195
0.0000000000000000000000000022434155185211602412377576831194699512291219
0.0000000000000000000000000021721110456737652086028107637373607231365568
0.0000000000000000000000000021247964894006440296623099898840214456868158
0.0000000000000000000000000021176740769503446361363561855915334841939592
0.0000000000000000000000000021459617465422064837857717330441326844097672
0.0000000000000000000000000022125700384373540715069989227346912117443212
0.0000000000000000000000000022571399901468241140926242940972990820485534
0.0000000000000000000000000022215229740961245266894844247686991930320121
0.0000000000000000000000000021496434457376919025927957101524494816736498
0.0000000000000000000000000021055391743304846750770558684865637196207332
0.0000000000000000000000000021081706456569467295816778918246574085810445
0.0000000000000000000000000021310409506681124673510556858956940350696712
0.0000000000000000000000000021707325405965959210187228607529511567528473
0.0000000000000000000000000022017758945644659814415822389603726127868118
0.0000000000000000000000000021662113451848068290925674837148718631486475
0.0000000000000000000000000021082670395221687706847399841933242760392391
0.0000000000000000000000000020881623961324177967016669032463890678513783
0.0000000000000000000000000021062607690291225094099762686228720799288026
0.0000000000000000000000000021400646459805780278050422154152283038747289
0.0000000000000000000000000021708141920362146319119317171182540265001021
0.0000000000000000000000000021763422769497846551939218519335046119318802
0.0000000000000000000000000021346398289396480991443874163226960284176123
0.0000000000000000000000000020787503013299850450004018708466258643616628
0.0000000000000000000000000020601286694436457076080699760001231256779183
0.0000000000000000000000000020803265202446536411914016126201112780274284
0.0000000000000000000000000021107118263892214020847696760509428852470101
0.0000000000000000000000000021293462033677249380091032574286211013182255
0.0000000000000000000000000021231796142689677829322317877983194391871141
0.0000000000000000000000000020853625813657876140254955718482052042255253
0.0000000000000000000000000020452454199426268536081130613712355527696686
0.0000000000000000000000000020391847798996080962083105129828064975329162
0.0000000000000000000000000020666445923798295686955982703499084141405943
0.0000000000000000000000000020994661437155876837913599901790875204728807
0.0000000000000000000000000021085108057879913958148858672411796666370594
0.0000000000000000000000000020865555254679153372949730803682274749426124
0.0000000000000000000000000020452336955523311590707594138035246277705937
0.0000000000000000000000000020157413879572768101692390175157139648936361
0.0000000000000000000000000020103890622175114480274963276605562228493118
0.0000000000000000000000000020307334654230607948850195782087749069135157
0.0000000000000000000000000020686688618466982724914619012572326851729687
0.0000000000000000000000000020732202615449133434738785629814388178684311
0.0000000000000000000000000020281867025934849776362386134406090795121087
0.0000000000000000000000000019916331926519891404589501620103742781595107
0.0000000000000000000000000020215753129921695409150505472223960789229000
0.0000000000000000000000000019369090449872977256307084668913907796998481
0.0000000000000000000000000020327555129118476440342274796227641639445450
0.0000000000000000000000000020620916568317369534872546207558013843008760
0.0000000000000000000000000020077634786312775111823212211890778219594190
0.0000000000000000000000000019911824400365091485679854939182309078551788
0.0000000000000000000000000019816622931384500281325588994188074574957849
0.0000000000000000000000000019336125282300976892130147616203431279942816
0.0000000000000000000000000019418886086046795474260639336106672722988090
0.0000000000000000000000000019938676843923300338381278115015036907841930
0.0000000000000000000000000020061640355960305150925500720654354081893924
0.0000000000000000000000000019689977291431654772260405956998065074888931
0.0000000000000000000000000019424234771736977270665529843483894892065999
0.0000000000000000000000000019277286338896023050257933422322127768088874
0.0000000000000000000000000019021971760456666028890596580097883268711920
0.0000000000000000000000000019180906740990860620821330854806490741831075
0.0000000000000000000000000019622749986664579619884816616573230473883629
0.0000000000000000000000000019710338408808262791441380393243408202066886
0.0000000000000000000000000019276576437008030165777332601952546586512261
0.0000000000000000000000000018930254420197900100248173077618668261893788
0.0000000000000000000000000018798347934534953292203219452943344784753176
0.0000000000000000000000000018662618305948391327000577796094317163583925
0.0000000000000000000000000018851114605227816266622295044102819678375587
0.0000000000000000000000000019230253047098735580423472654803095794263592
0.0000000000000000000000000019277571778779400067136776451055868183762589
0.0000000000000000000000000018777611896020609177863288155430510009629725
0.0000000000000000000000000018409529557468369104585585282095172173367992
0.0000000000000000000000000018355799852476946487780715649309385870672115
0.0000000000000000000000000018360300771787889274878000401657378778606488
0.0000000000000000000000000018600043751174297753092959967894128869941714
0.0000000000000000000000000018903054731832803216320107841948928739902936
0.0000000000000000000000000018913698619428652138105130314113986958131188
0.0000000000000000000000000018288899915602101482272290742267392268395539
0.0000000000000000000000000017802892488084179876369710866320440512472517
0.0000000000000000000000000017934229127408342121604218558334738962782658
0.0000000000000000000000000018064067606037352551281039867809187441066060
0.0000000000000000000000000018285292674235005461381794717036028871422909
0.0000000000000000000000000018575684777221851674980973971315555011615629
0.0000000000000000000000000018436029341812208091570376758822075515519627
0.0000000000000000000000000017795913528758013599766903625609728826358960
0.0000000000000000000000000017368346356638958139986954393263243601819372
0.0000000000000000000000000017527310569982213374353552631684031000090381
0.0000000000000000000000000017847546867372623128766310150674711669244881
0.0000000000000000000000000018099376477053549401412800903739188346195659
0.0000000000000000000000000018281551894393625820159717314668828252193183
0.0000000000000000000000000018029951993701765354726970951398922184609880
0.0000000000000000000000000017258609054295518131479359203437236172688541
0.0000000000000000000000000016839744274568190304207203325404394589266973
0.0000000000000000000000000017188365140299010721701130061640954890112104
0.0000000000000000000000000017738507422642776602631539891122169447658836
0.0000000000000000000000000017998129625973157903362830852755269203372638
0.0000000000000000000000000018023533568472582286953729444688521471841105
0.0000000000000000000000000017572234251678399781087672161903979800147542
0.0000000000000000000000000016621933750087816753435441791962872065303193
0.0000000000000000000000000016274310173156442408675288954786031595064532
0.0000000000000000000000000017041833660245001958956187379978974648365570
0.0000000000000000000000000018004699355224893675281828782985664369752892
0.0000000000000000000000000018184534373275770224214473282116082693466964
0.0000000000000000000000000017792487564581630567069625453775499661998382
0.0000000000000000000000000016817960610817402000671251653047966056200354
0.0000000000000000000000000015454873457520528523050002457338471068836254
0.0000000000000000000000000015576711907411915820583565326193023326941877
0.0000000000000000000000000017969518738594647502207337908901813346984651
0.0000000000000000000000000019852711001084845394288335046243893580549647
0.0000000000000000000000000017962262558004560102053133427577939552750506
0.0000000000000000000000000014741445621081790710825395500629158938626331
0.0000000000000000000000000014444901721671685675292510094128789438033147
0.0000000000000000000000000017166730584990496906854725995082128340388703
0.0000000000000000000000000019062547691392060179020622088062067657265550
0.0000000000000000000000000018140937789479857377902352231280556800280917
0.0000000000000000000000000016360051379271115528701411536419190285501759
0.0000000000000000000000000015716622776235321346477091374789926091759371
0.0000000000000000000000000016073490591144338571316609719728945729917642
0.0000000000000000000000000016787050610643020058784699148173615587767071
0.0000000000000000000000000017459141669681598497599967935052764808005850
0.0000000000000000000000000017563330684553854085287282855259398302529868
0.0000000000000000000000000016928695978097653773355655895070820965366450
0.0000000000000000000000000016246631002474277044667320544350012607309484
0.0000000000000000000000000016129596031597475434787899254113936921177254
0.0000000000000000000000000016501178879220849577286696385837989462239617
0.0000000000000000000000000016914976930115441880799769624566118903706926
0.0000000000000000000000000017158057541504046274558243268274001528464516
0.0000000000000000000000000017048958764505948639172650534822959744135373
0.0000000000000000000000000016644378301214698152310939743718802225880746
0.0000000000000000000000000016317426918810789718104347288626371833793879
0.0000000000000000000000000016326792694374819140809419359659317539100079
0.0000000000000000000000000016636938027179105346180086453630868070868210
0.0000000000000000000000000016883975980274635420375612580178661542270674
0.0000000000000000000000000016976316501903968910014075635556556612108839
0.0000000000000000000000000016803728291347893161138628318590338282594932
0.0000000000000000000000000016537354377205733368988736057867907447402315
0.0000000000000000000000000016382563107829061868142220445117420595282592
0.0000000000000000000000000016438613968059211559959201495854109447432175
0.0000000000000000000000000016715153933628490285593503020274858795099119
0.0000000000000000000000000016834291622750601310105626015392255470424882
0.0000000000000000000000000016915258983948723912958739563503805288217099
0.0000000000000000000000000016680066355468131406998532615205515754979486
0.0000000000000000000000000016377016470339635011039713391018854915303108
0.0000000000000000000000000016493562462031596564983108417821467273920910
0.0000000000000000000000000016563904056055748148539644861606295101580591
0.0000000000000000000000000016727345337782372459950658118156822535907209
0.0000000000000000000000000016862714042693714293761629182553150267221282
0.0000000000000000000000000016793113318265501101958738849196655186411250
0.0000000000000000000000000016669627594684431877919431237525117751010488
0.0000000000000000000000000016519637145759083881052266236021232116343094
0.0000000000000000000000000016520563731569237429090308570891114621312123
0.0000000000000000000000000016625818764121942735150059832637952915752120
0.0000000000000000000000000016765700025789219750873649584859192063017515
0.0000000000000000000000000016828007581985847392771638427564751535304478
0.0000000000000000000000000016765206947199232827277988661962863406748560
0.0000000000000000000000000016653634781698838512504042688226507272323646
0.0000000000000000000000000016569030317852566465031276795924434641760324
0.0000000000000000000000000016590434047041101391525370149070786826061254
0.0000000000000000000000000016703169829151731639978259154084671557743881
0.0000000000000000000000000016823995659144657075099037262637023426073406
0.0000000000000000000000000016837366139344140429172319940971675255172001
0.0000000000000000000000000016755872613173693785767139845045511280353204
0.0000000000000000000000000016683163617138530590335581389592957038760547
0.0000000000000000000000000016649927478279446081614539093857270636517943
0.0000000000000000000000000016653657897117818345901086205961578653520334
0.0000000000000000000000000016761969021831215919709072275367277758803455
0.0000000000000000000000000016904800187266810764566834368255911409243716
0.0000000000000000000000000016862140248135302860115015296463202061691741
0.0000000000000000000000000016708433319525793205676948464327506768683014
0.0000000000000000000000000016746430222222377938795181297002427532241490
0.0000000000000000000000000016789983948953002425715669439373821598507476
0.0000000000000000000000000016614700233908640493059323773278638243757957
0.0000000000000000000000000016733299944662982970222426530311101006509904
0.0000000000000000000000000017297906612616149047230743092136915905124376
0.0000000000000000000000000016286586500477237394507847851017690166090393
0.0000000000000000000000000016929677027681521238701162905459179396160225
0.0000000000000000000000000016943984747653729055664279102429570205577208
0.0000000000000000000000000016479164292897464117113481334207010110962242
0.0000000000000000000000000016711207170529844773611187429350803211059494
0.0000000000000000000000000017060036132722994279355067350194017410202775
0.0000000000000000000000000016766744363590382473659715574093837633230600
0.0000000000000000000000000016666678709684622102173066821164274124819167
0.0000000000000000000000000016824098549330669732972172661472098003922043
0.0000000000000000000000000016744707612733345851091328931537650680725929
0.0000000000000000000000000016526310473888030728079593759267276344447989
0.0000000000000000000000000016669608314686655199838851064664667199654298
0.0000000000000000000000000016899593844821133750870690173256995047252383
0.0000000000000000000000000016670522839605536179439291942823387266290153
0.0000000000000000000000000016557258650136742440691099511335414999918023
0.0000000000000000000000000016639736898976646320911866000966582731961252
0.0000000000000000000000000016616946895130498494119613394503399279990807
0.0000000000000000000000000016410668317856202319087566498049502317671954
0.0000000000000000000000000016514285150656957675579261172767656913260753
0.0000000000000000000000000016720371360016024240108241267058842221173767
0.0000000000000000000000000016493771240835205459186857244642953868059350
0.0000000000000000000000000016348904323493698334953127695815516181666387
0.0000000000000000000000000016392488671030500877888002554122452224301023
0.0000000000000000000000000016432014405207066825382272930458325475294646
0.0000000000000000000000000016188036673072441558768330053452659287792495
0.0000000000000000000000000016261822291185731426572543627266542735780769
0.0000000000000000000000000016454910667851332324206578152682200314017380
0.0000000000000000000000000016212349926780889802910636425795046790067109
0.0000000000000000000000000016047421517131596749026435358246670329792395
0.0000000000000000000000000016021819624139261886163485355153911254371472
0.0000000000000000000000000016202365664886334819850251860844809670831859
0.0000000000000000000000000015828752467053424383283164566066723021676050
0.0000000000000000000000000015667369119548476700582274389903970511194118
0.0000000000000000000000000016135228197083367055511602276725484926297426
0.0000000000000000000000000015883718662147256740350743098911337551210549
0.0000000000000000000000000015554067696742114643203845783021119961325736
0.0000000000000000000000000015661671824342880681045877490730296151093517
0.0000000000000000000000000015733576427344053064208125762927296686872697
0.0000000000000000000000000015461690408700255954628126049430432513672128
0.0000000000000000000000000015390955716483650629175902388109484312155362
0.0000000000000000000000000015601768959226804200068199891435506527369476
0.0000000000000000000000000015399332902118318895505156913871518367854909
0.0000000000000000000000000014986057182841178008557816214990934920074348
0.0000000000000000000000000015068160585053940333632464035372561366888449
0.0000000000000000000000000015285674391136118718272498193600691366155109
0.0000000000000000000000000014913441005063327413199652355537770474179437
0.0000000000000000000000000014802802179929641143032770499683713525169664
0.0000000000000000000000000015055905893918117207439387224301909113404297
0.0000000000000000000000000014912753793822431273598066850937058964498260
0.0000000000000000000000000014332316361052758259092633465668893987192994
0.0000000000000000000000000014458568803233252466441893879070606659925903
0.0000000000000000000000000014879959780377074730026633992611510720385330
0.0000000000000000000000000014361279722404877665757382628270892200911124
0.0000000000000000000000000014134137749887152489872131105741730241359783
0.0000000000000000000000000014512989110244430155462023803705632609996499
0.0000000000000000000000000014483527007709067269920739122397411195345219
0.0000000000000000000000000013466932743436602478535701795120807299454356
0.0000000000000000000000000013776282912428044158809473786228563284210805
0.0000000000000000000000000014717758895504606108164039522341370592244631
0.0000000000000000000000000013681256617269775139036740037759503249670843
0.0000000000000000000000000013130456562213048436514500206758864385376803
0.0000000000000000000000000014260321863777292382733686360792754918355758
0.0000000000000000000000000014407005283085423337389622323108868264530124
0.0000000000000000000000000010580461442691411870820734162244703888827770
0.0000000000000000000000000015950334382994336888047848225857131226824399
0.0000000000000000000000000013103364105739189898666217895241838131541659
0.0000000000000000000000000011971487608535172519824249390750642303016447
0.0000000000000000000000000013922843094205445792344292319811463199094753
0.0000000000000000000000000013347416890365999149247811649150606230063459
0.0000000000000000000000000011991960293723386585259640003986029688772777
0.0000000000000000000000000013214203717756592119150786061143588626048300
0.0000000000000000000000000013290280231057208301670804265974908193125402
0.0000000000000000000000000012361088646074086339098080877932089506125126
0.0000000000000000000000000012194159256232350639905994771953330045855197
0.0000000000000000000000000012800459802245355596981107833188774212006934
0.0000000000000000000000000012491635523356912273229868074147142959572324
0.0000000000000000000000000011853013713714092948104695624343035920325292
0.0000000000000000000000000012326209698054036339254346213141222525163294
0.0000000000000000000000000012351991644507669217745707399228411047643721
0.0000000000000000000000000011828412915894176303295363796269550306253523
0.0000000000000000000000000011617913149432679387519424061948903463698743
0.0000000000000000000000000012005886656441273581909850499360735120067222
0.0000000000000000000000000011797048625439479779600678169370906362954673
0.0000000000000000000000000011330205400666708315511959289778295146511752
0.0000000000000000000000000011544942016746647090832797249668727092495558
0.0000000000000000000000000011602176892757120416642773834573780899289321
0.0000000000000000000000000011209041379813902211787396479306487871859306
0.0000000000000000000000000010975531585523609074282127423157896006359802
0.0000000000000000000000000011253700982633063980917939567191009283334896
0.0000000000000000000000000011099262751903139722748105208858969573977519
0.0000000000000000000000000010710268724848445404718820234120340895410490
0.0000000000000000000000000010765437513152506129645400788978708901978572
0.0000000000000000000000000010902255429771944386819911452581976136282532
0.0000000000000000000000000010498352452774721583362868120068062058319317
0.0000000000000000000000000010358181577248770434889503941820072048827651
0.0000000000000000000000000010458428637551536820025170296599622011221366
0.0000000000000000000000000010051563242913339346670357058987877582628548
0.0000000000000000000000000010108192236786402459561299372641062624365799
0.0000000000000000000000000010046697631275154973143849239948481825731042
0.0000000000000000000000000010091637393713357455513990223879732698932308
0.0000000000000000000000000009918968907180429662209313242559083962719868
0.0000000000000000000000000009497528033732275210050578041164439561634446
0.0000000000000000000000000009796228855930058711832558281268031219206229
0.0000000000000000000000000009617107434104172964399935964700401636340050
0.0000000000000000000000000009314107821920711553050586263696216999177053
0.0000000000000000000000000009215934256191486876210594006967506824473254
0.0000000000000000000000000009346238806130604531102744853350650286742124
0.0000000000000000000000000009132218529341554798735077734757958458640009
0.0000000000000000000000000008741591469628850022922226122347427618290374
0.0000000000000000000000000008996204024846872304719325207193471760207719
0.0000000000000000000000000008898460670304513922741962965561834597206018
0.0000000000000000000000000008603279270963209400855518371931498197507743
0.0000000000000000000000000008452477373188028519193600570362828006560185
0.0000000000000000000000000008700181652147476691440223569338063536311356
0.0000000000000000000000000008488258005822836560947121244100839654602993
0.0000000000000000000000000008075494442417849982300226989525048713187122
0.0000000000000000000000000008353381754261596319710364493736051109212509
0.0000000000000000000000000008345953443055584431290947932739767465758531
0.0000000000000000000000000008000647351959179075159986754623141489827798
0.0000000000000000000000000007765420579666256148961825985779559034905237
0.0000000000000000000000000008218382592719425354338279341906340373583776
0.0000000000000000000000000007945558729614920986067516666261053623585997
0.0000000000000000000000000007358543499024129879995077169219741092777824
0.0000000000000000000000000007832380927160139095091611024033734179474506
0.0000000000000000000000000007992839678374136033371297951247119298562889
0.0000000000000000000000000007277933254962106532189973998588628155246955
0.0000000000000000000000000006940454602303592983557310761597795915940664
0.0000000000000000000000000008726476932191520377272323646105472895165422
0.0000000000000000000000000006348128025990961166371112315832805943249472
0.0000000000000000000000000007466405503522488114267855811093446534379926
0.0000000000000000000000000007833881918362770030586986771355273882320467
0.0000000000000000000000000006868303455600519745696725464566312216307468
0.0000000000000000000000000007046259320688136935020164060909973944378179
0.0000000000000000000000000007521294879113926310396986082147116656367726
0.0000000000000000000000000007053005768612014794616443706003023850743678
0.0000000000000000000000000006896151500602822000756714469889913032833500
0.0000000000000000000000000007153592765336284121288608464697422496563216
0.0000000000000000000000000007126932366751619673495453367052646130240494
0.0000000000000000000000000006839738027136522019403313434909527837122272
0.0000000000000000000000000006889887866782001714663033660374794344061431
0.0000000000000000000000000007023946251644410578888195599691581144608131
0.0000000000000000000000000006850657121395811931072950408025875182969087
0.0000000000000000000000000006745195313421528036821685640790332562657466
0.0000000000000000000000000006859644135562729830404532072542193193004408
0.0000000000000000000000000006856963274305671148530570164712994704931493
0.0000000000000000000000000006709774059357014416498903583557063709591260
0.0000000000000000000000000006724332281172729053699007891773957322850805
0.0000000000000000000000000006803813394162777274030444683053796186642442
0.0000000000000000000000000006724687246220416575493031979034365114566905
0.0000000000000000000000000006648799573662623544624207772642628177497639
0.0000000000000000000000000006710346250610382668691381211131124140470446
0.0000000000000000000000000006718162629578178670992939790709750999963001
0.0000000000000000000000000006619107981929492432837457703633168454385937
0.0000000000000000000000000006605405524919198212600982543026588935993608
0.0000000000000000000000000006657845348444235862514920133693046173932464
0.0000000000000000000000000006587020745634676011255431977180997493360458
0.0000000000000000000000000006552115011835651616975879499950314228199720
0.0000000000000000000000000006521468138742571695590349348779117886543066
0.0000000000000000000000000006608112296967927854471921468634765283860482
0.0000000000000000000000000006446284676038041460032864591790689443522760
0.0000000000000000000000000006178255138729799300043490346755317623177682
0.0000000000000000000000000006541820722732045016906336703821722451164098
0.0000000000000000000000000006454554622517743970267777966388394510227878
0.0000000000000000000000000006326019783936983713642252006716342810058072
0.0000000000000000000000000006424676217773472199316250169507827266425130
0.0000000000000000000000000006286625950466360629134013766654590656999038
0.0000000000000000000000000006321825154215862103645441463629422470377981
0.0000000000000000000000000006156481721925698886176590899966723557896231
0.0000000000000000000000000006208221149621457076929478757686078472851300
0.0000000000000000000000000006109653253571848557912070062507490976907291
0.0000000000000000000000000005996425783846110820619891474546837420224010
0.0000000000000000000000000006001531196358563517380998285614588900296936
0.0000000000000000000000000005873601889837882783544358759373930284829024
0.0000000000000000000000000005884814000636395493616539628198689374462859
0.0000000000000000000000000005691322408645234943226905472354205137743177
0.0000000000000000000000000005762467317585616109311080853841376201130710
0.0000000000000000000000000005628084269166033947441258729128043253198312
0.0000000000000000000000000005562314879467629688164035721991588921778069
0.0000000000000000000000000005532330231146166079971673997755473584321675
0.0000000000000000000000000005420242841084351348127856553883677750296742
0.0000000000000000000000000005446222900290575691416077080608836833441128
0.0000000000000000000000000005190468613238043760931958356373698920229737
0.0000000000000000000000000005311512757507986363395117426305364264909837
0.0000000000000000000000000005062832023038626942367915893302391234454500
0.0000000000000000000000000005037159538810630455202978859760744311130105
0.0000000000000000000000000004893497719038857956160466099900257159504760
0.0000000000000000000000000004753153449030586729372220266334621242347534
0.0000000000000000000000000004791411598485482073083204997072528871135233
0.0000000000000000000000000004289346187464336100560566267967456779764443
0.0000000000000000000000000004734737435182723419603630766830575201543866
0.0000000000000000000000000003976408172537261457590315814531595621520434
0.0000000000000000000000000004403011123781405537560848496023334040044224
0.0000000000000000000000000005541531540200901818335770618360416782097589
0.0000000000000000000000000003691624012669353561543509332176202414710678
0.0000000000000000000000000003850759192456938489337950578452796022688598
0.0000000000000000000000000003979693424493263534042901763040115911981467
0.0000000000000000000000000003591565110048186624140215909128051295321570
0.0000000000000000000000000003836859045661513436816521182906380381334129
0.0000000000000000000000000003475547948966907442274532943126565662648562
0.0000000000000000000000000003661762360482406838190682677787160608146101
0.0000000000000000000000000003408220119989398728219061616030998905321009
0.0000000000000000000000000003399354811082390114734415167951868871832484
0.0000000000000000000000000003329527046682403010002390981737888403419355
0.0000000000000000000000000003150747815219525008455132572086112730408105
0.0000000000000000000000000003162513853594478641283392550346656043505073
0.0000000000000000000000000002907909163019857936379834583731032803850584
0.0000000000000000000000000002945192080021642826976957778534257383688082
0.0000000000000000000000000002698480169538554772738592400515144300086099
0.0000000000000000000000000002673293616563906221521053167914453736531783
0.0000000000000000000000000002530791594619608975650643593993826703891249
0.0000000000000000000000000002416829707535458212037050226751616783776221
0.0000000000000000000000000002384482531788420092204261725500268191884680
0.0000000000000000000000000002202912726635156375688708911072381389975855
0.0000000000000000000000000002257858885566267902549683608506600086575473
0.0000000000000000000000000002059497056910372004034635623321885329593314
0.0000000000000000000000000002118579250232048256328386253040402991624482
0.0000000000000000000000000001981993243752580705128485069157406708802236
0.0000000000000000000000000001965216643635874920931239001726793744246675
0.0000000000000000000000000001941237598151193356461642498779019871984380
0.0000000000000000000000000001787848567033935619479137467610627846409868
0.0000000000000000000000000001910550398706151702801019850260794382286189
0.0000000000000000000000000001601220946845175501957158907612854806251349
0.0000000000000000000000000001848270629713799501320249380160212189115720
0.0000000000000000000000000001480036700963895266098006821725886166876061
0.0000000000000000000000000001005653747531075930705567215884615059749754
0.0000000000000000000000000001607245630233381721712497871120326323551966
0.0000000000000000000000000001431377802270249359361795241520305897457316
0.0000000000000000000000000001332495257585430899891168261861059507069991
0.0000000000000000000000000001374654646412837458198072748863975852866626
0.0000000000000000000000000001223508730975221860483618090682921993606702
0.0000000000000000000000000001275195148199394867886368681902316401538424
0.0000000000000000000000000001168369278310671253529963075421272353853360
0.0000000000000000000000000001181287093306585224735282183347894307613268
0.0000000000000000000000000001130833807879606745512383902804699964381595
0.0000000000000000000000000001103441407190448947384797321895896263305813
0.0000000000000000000000000001090861253143151402871179478796555311482257
0.0000000000000000000000000001036645505947612579209043622091393501845565
0.0000000000000000000000000001035601984344841576577814927314913529161536
0.0000000000000000000000000000975550365347229226954657043174563816634732
0.0000000000000000000000000000964895189652605640831037905378500625208247
0.0000000000000000000000000000914895265947968027057458792389872428825067
0.0000000000000000000000000000888791747604193458769561857126065609178928
0.0000000000000000000000000000857815454280626821190151092550828880614594
0.0000000000000000000000000000821153125494424026920652662030481668317740
0.0000000000000000000000000000809856723769448518997745901855183278071056
0.0000000000000000000000000000775460440381493264724162472562047408924899
0.0000000000000000000000000000777282636825631296762294636621790105297192
0.0000000000000000000000000000755445865029434133342087217736838784418242
0.0000000000000000000000000000761197202938681886432030128193850357915607
0.0000000000000000000000000000756153004981230625366101971533264695085022
0.0000000000000000000000000000754775263235135111631537213684990114289763
0.0000000000000000000000000000762624434749852597682853623083692487559729
0.0000000000000000000000000000746237301176121979156153670350053385583691
0.0000000000000000000000000000757145248967667640335921713689267742505578
0.0000000000000000000000000000721079323028893319841635683926895582571891
0.0000000000000000000000000000721596192891147384945319068218673740856284
0.0000000000000000000000000000713861558676044910016647669887141050607125
0.0000000000000000000000000000637887886496130982740919846517027310571856
0.0000000000000000000000000000600204034710173910283992214709906149453989
0.0000000000000000000000000000550301713243235129592583819380227720658340
0.0000000000000000000000000000490605562831750877657887574352708401086463
0.0000000000000000000000000000436309679572322311795116395753487547355965
0.0000000000000000000000000000373478353260450533768744651148084372331392
0.0000000000000000000000000000318165205773246130468139176484521462516322
0.0000000000000000000000000000261797690101537478503879837762001737446746
0.0000000000000000000000000000212489499697394697282423702292860918568733
0.0000000000000000000000000000168125936834552960691870306520379419785336
0.0000000000000000000000000000130108003631477035320023350018273226821760
0.0000000000000000000000000000099769397082665572788425450893458400666244
0.0000000000000000000000000000074948235731434778109988259769664978592224
0.0000000000000000000000000000057472946095899955212120335534138129819546
0.0000000000000000000000000000044452685041059097213947440717992779569755
0.0000000000000000000000000000036651566488952323355682353066752999445722
0.0000000000000000000000000000031929711568590082489526455302924324259356
0.0000000000000000000000000000029860587719204153573268745858555848161749
0.0000000000000000000000000000029430404073263659713864745355077233806595
0.0000000000000000000000000000029592466419140399533944459664995921802270
0.0000000000000000000000000000030187441649236149483947248214406453903084
0.0000000000000000000000000000030229279453593402888393227054506970627631
0.0000000000000000000000000000029961370749710028275797377788585194862220
0.0000000000000000000000000000028841760053106542692165621078387360752635
0.0000000000000000000000000000027165186940494002646652679266059451260778
0.0000000000000000000000000000024883206173818555983386910374929986000749
0.0000000000000000000000000000022158344687913860648320476025893137636039
0.0000000000000000000000000000019269983122311621495862043768236873485891
0.0000000000000000000000000000016210008172185677847031491194189557830149
0.0000000000000000000000000000013372557598705112862240494179807861221614
0.0000000000000000000000000000010621713863472754399647410965680596473744
0.0000000000000000000000000000008204939184489881087980220487356487511542
0.0000000000000000000000000000006238351416385902230101400162504714306244
0.0000000000000000000000000000004546799061914619355000813097446255183205
0.0000000000000000000000000000003216999341592617569820969932929138659798
0.0000000000000000000000000000002201911736229649243756546500537782888262
0.0000000000000000000000000000001449017142493617854310430278100877184387
0.0000000000000000000000000000000919572759043061584853443353306114842718
0.0000000000000000000000000000000556414355111876183357714451351523273115
0.0000000000000000000000000000000321692487544756065508699381081419627644
0.0000000000000000000000000000000175299090411785190243015055917729309062
0.0000000000000000000000000000000089647209154236866665492324327553819009
0.0000000000000000000000000000000042369793774289058453138335939147342711
0.0000000000000000000000000000000018148679038774341134261319952979253545
0.0000000000000000000000000000000006944876674256447837601098987241924915
0.0000000000000000000000000000000002291210930329403352367799041251341445
0.0000000000000000000000000000000000734549663568199346330637313726982239
0.0000000000000000000000000000000000327309726115110021070787044983589889
0.0000000000000000000000000000000000279425559124715971536454920060417090
0.0000000000000000000000000000000000261478260575300059447201275796765554
0.0000000000000000000000000000000000214273373237448451831300085599448350
0.0000000000000000000000000000000000148629836034372202185277584346274883
0.0000000000000000000000000000000000087723270596509006391049619617332877
0.0000000000000000000000000000000000044498631728273960750051992598661311
0.0000000000000000000000000000000000019095597066808647423911890981584016
0.0000000000000000000000000000000000006861444415996424967196328530702647
0.0000000000000000000000000000000000001970213189902634315677689705094717
0.0000000000000000000000000000000000000430411213213781008855957776108609
0.0000000000000000000000000000000000000062657972665866200891766398298794
0.0000000000000000000000000000000000000005006082064218050615055039281237
0.0000000000000000000000000000000000000000097827527277431964977914686852
0.0000000000000000000000000000000000000000000023331551598751218635927297
0.0000000000000000000000000000000000000000000002190757014712066161962215
0.0000000000000000006503344358670497836623078716607655450774388041691555
