0.243321961928664
0.302683143119526
0.330576052047391
0.345978823060657
0.354674550160758
0.359187729894542
0.360832392064587
0.360366822871798
0.358530191287989
0.35551137678448
0.351636352820006
0.347219804936187
0.342148106124182
0.336830235219005
0.331039759591523
0.325293046130157
0.31918737124522
0.312970373817097
0.306894593480696
0.300653559582186
0.294301203484058
0.28797675954799
0.281920407034695
0.275831506963392
0.269737156046762
0.263659987115421
0.257618877357078
0.251649329043385
0.246018666981691
0.240440159063281
0.234924015706438
0.229478737226716
0.224111353707781
0.218827629340905
0.213632237048978
0.20852890815299
0.203520560993641
0.198609411741331
0.19395747435662
0.189415849162981
0.18496174537231
0.180596171596964
0.176319762321911
0.172132826416612
0.168035389694018
0.16402723229493
0.160107921564529
0.156276840993953
0.152533215720404
0.148876135011955
0.145304572105946
0.141817401721038
0.138413415521215
0.135091335774186
0.131849827415871
0.128687508706082
0.125602960637627
0.122642774744485
0.119784793318859
0.116994880141875
0.114271831614939
0.11161442500745
0.109021423527672
0.106491580825715
0.104023644987941
0.101616362075668
0.0992684792553044
0.0969787475620278
0.0947459243346246
0.092568775355168
0.0904460767236803
0.0883766164948148
0.0863591961007965
0.0843926315824062
0.08247575464756
0.0806074135750819
0.0787864739794947
0.0770118194510814
0.0752823520840582
0.0735969929044231
0.0719546822079261
0.0703543798175681
0.0687950652691288
0.0672757379323964
0.0657954170750278
0.0643531418752985
0.0629479713894012
0.0615789844784004
0.0602452796994697
0.058945975165582
0.0576802083774307
0.0564471360309957
0.0552459338038316
0.0540757961228715
0.0529359359162587
0.051825584351481
0.0507439905618579
0.0496904213632347
0.0486641609625496
0.0476645106597797
0.046690788544621
0.0457423291891189
0.0448184833373443
0.0439235628595525
0.0430596931365633
0.0422177820983946
0.041397281373803
0.0405976554149856
0.0398183812658536
0.0390589483289177
0.0383188581313734
0.0375976240909181
0.0368947712817794
0.0362098362013825
0.0355423665380441
0.0348919209400362
0.0342580687863274
0.0336403899592754
0.0330384746195138
0.0324519229832463
0.0318803451021375
0.0313233606459641
0.0307805986881707
0.0302516974944529
0.0297363043144736
0.0292340751768007
0.0287446746871422
0.0282677758299388
0.0278030597733608
0.0273502156777501
0.0269089405075313
0.0264789388466109
0.0260599227172756
0.0256516114025895
0.0252537312722879
0.024866015612155
0.0244882044568711
0.0241200444263066
0.0237612885652378
0.0234116961864566
0.0230710327172378
0.0227390695491316
0.0224155838910398
0.0221003586255361
0.0217931821683871
0.021493848331228
0.021202156187348
0.0209179099405358
0.020640918796938
0.0203709968398792
0.0201079629075936
0.0198516404738174
0.0196018575311905
0.0193584464774141
0.0191212440041147
0.0188900909883608
0.0186648323867806
0.0184453171322292
0.0182313980329539
0.0180229316742053
0.0178197783222451
0.0176218018306977
0.0174288695491976
0.0172408522342828
0.0170576239624835
0.0168790620455608
0.0167050469478444
0.016535462205625
0.0163701943485534
0.0162091328230012
0.0160521699173384
0.0158992006890828
0.0157501228938786
0.0156048369162618
0.0154632457021686
0.0153252546931483
0.0151907717622376
0.0150597071514591
0.0149319734109026
0.0148074853393539
0.0146861599264309
0.0145679162961931
0.0144526756521858
0.0143403612238875
0.0142308982145221
0.0141242137502057
0.0140202368303932
0.0139188982795937
0.0138201307003217
0.0137238684272551
0.0136300474825692
0.0135386055324169
0.0134494818445269
0.0133626172468921
0.0132779540875204
0.0131954361952207
0.0131150088413992
0.0130366187028395
0.0129602138254417
0.0128857435888966
0.0128131586722711
0.0127424110204814
0.0126734538116315
0.0126062414251951
0.0125407294110195
0.0124768744591299
0.0124146343703142
0.0123539680274683
0.0122948353676818
0.0122371973550458
0.0121810159541643
0.0121262541043503
0.0120728756944894
0.012020845538555
0.0119701293517555
0.0119206937273001
0.0118725061137654
0.0118255347930481
0.0117797488588889
0.0117351181959511
0.0116916134594426
0.0116492060552643
0.011607868120673
0.0115675725054449
0.0115282927535266
0.011490003085162
0.0114526783794809
0.0114162941575391
0.0113808265657976
0.0113462523600291
0.0113125488896417
0.0112796940824078
0.0112476664295891
0.0112164449714455
0.01118600928312
0.0111563394608889
0.0111274161087668
0.0110992203254595
0.0110717336916532
0.0110449382576339
0.0110188165312253
0.0109933514660405
0.0109685264500362
0.0109443252943632
0.0109207322225055
0.0108977318596997
0.0108753092226279
0.0108534497093776
0.0108321390896598
0.010811363495281
0.0107911094108606
0.0107713636647886
0.0107521134204158
0.0107333461674727
0.0107150497137091
0.0106972121767493
0.0106798219761586
0.010662867825713
0.0106463387258693
0.0106302239564293
0.0106145130693927
0.0105991958819945
0.0105842624699225
0.0105697031607081
0.010555508527289
0.0105416693817369
0.0105281767691465
0.0105150219616829
0.0105021964527811
0.0104896919514955
0.0104775003769945
0.0104656138531974
0.0104540247035481
0.0104427254459243
0.0104317087876773
0.0104209676207988
0.010410495017213
0.0104002842241883
0.0103903286598686
0.0103806219089173
0.0103711577182755
0.0103619299930272
0.0103529327923716
0.0103441603256986
0.010335606948765
0.0103272671599688
0.0103191355967192
0.0103112070318993
0.0103034763704197
0.010295938645861
0.0102885890172014
0.0102814227656287
0.0102744352914339
0.0102676221109846
0.0102609788537751
0.0102545012595531
0.0102481851755191
0.0102420265535978
0.0102360214477796
0.0102301660115294
0.0102244564952621
0.0102188892438832
0.010213460694391
0.0102081673735408
0.0102030058955695
0.0101979838775068
0.0101930940893581
0.0101883255098831
0.0101836751222822
0.0101791399851816
0.0101747172307377
0.0101704040627904
0.0101661977550624
0.0101620956494041
0.0101580951540826
0.0101541937421144
0.0101503889496396
0.0101466783743378
0.0101430596738831
0.0101395305644389
0.0101360888191901
0.0101327322669128
0.0101294587905794
0.0101262663259996
0.0101231528604955
0.0101201164316094
0.0101171551258452
0.0101142670774407
0.0101114504671714
0.010108703521184
0.0101060245098598
0.0101034117467059
0.0101008635872754
0.0100983784281136
0.0100959547057321
0.0100935908956072
0.010091285511205
0.0100890371030297
0.0100868442576969
0.0100847055970295
0.010082619777177
0.0100805854877561
0.0100786014510137
0.0100766664210106
0.0100747791828257
0.0100729385517803
0.0100711433726818
0.0100693925190864
0.0100676848925809
0.0100660194220811
0.0100643950631499
0.0100628107973303
0.0100612656314969
0.010059758597223
0.0100582887501634
0.0100568551694529
0.01005545695712
0.0100540932375154
0.0100527631567544
0.0100514658821734
0.0100502006018007
0.0100489665238397
0.0100477628761654
0.0100465889058338
0.0100454438786031
0.0100443270784672
0.0100432378072009
0.0100421753839165
0.0100411391446313
0.0100401284418463
0.0100391426441348
0.0100381811357425
0.0100372433161961
0.0100363285999229
0.0100354364158794
0.0100345662071893
0.0100337174307903
0.0100328895570907
0.0100320820696329
0.0100312944647671
0.0100305262513321
0.010029776950344
0.0100290460946939
0.0100283332288514
0.0100276379085769
0.0100269597006406
0.0100262981825482
0.0100256529422742
0.0100250235780014
0.0100244096978667
0.0100238109197137
0.0100232268708512
0.010022657187818
0.0100221015161534
0.0100215595101731
0.0100210308327515
0.0100205151551087
0.010020012156603
0.0100195215245291
0.0100190429539204
0.0100185761473569
0.0100181208147779
0.0100176766732991
0.0100172434470343
0.0100168208669217
0.0100164086705543
0.0100160066020148
0.0100156144117147
0.0100152318562367
0.010014858698182
0.0100144947060206
0.0100141396539459
0.0100137933217325
0.0100134554945981
0.010013125963068
0.0100128045228437
0.0100124909746745
0.0100121851242323
0.0100118867819896
0.0100115957631003
0.0100113118872841
0.0100110349787125
0.0100107648658993
0.0100105013815926
0.0100102443626697
0.0100099936500353
0.0100097490885211
0.0100095105267889
0.0100092778172359
0.0100090508159017
0.0100088293823782
0.010008613379722
0.0100084026743684
0.0100081971360475
0.010007996637703
0.0100078010554124
0.0100076102683098
0.0100074241585096
0.0100072426110335
0.0100070655137379
0.0100068927572445
0.0100067242348711
0.0100065598425653
0.0100063994788396
0.0100062430447078
0.0100060904436229
0.0100059415814172
0.0100057963662435
0.010005654708517
0.0100055165208605
0.0100053817180488
0.0100052502169562
0.0100051219365042
0.0100049967976113
0.0100048747231432
0.0100047556378652
0.0100046394683947
0.0100045261431559
0.0100044155923352
0.0100043077478372
0.0100042025432428
0.0100040999137675
0.0100039997962211
0.0100039021289685
0.0100038068518911
0.0100037139063494
0.0100036232351467
0.010003534782493
0.0100034484939711
0.0100033643165019
0.0100032821983118
0.0100032020889005
0.0100031239390095
0.0100030477005915
0.0100029733267805
0.0100029007718627
0.010002829991248
0.0100027609414424
0.010002693580021
0.0100026278656015
0.0100025637578187
0.0100025012172992
0.0100024402056371
0.0100023806853701
0.0100023226199563
0.0100022659737514
0.010002210711987
0.0100021568007482
0.0100021042069535
0.0100020528983336
0.0100020028434117
0.0100019540114839
0.0100019063726004
0.0100018598975463
0.0100018145578242
0.0100017703256363
0.010001727173867
0.0100016850760664
0.0100016440064334
0.0100016039398005
0.0100015648516176
0.010001526717937
0.0100014895153987
0.0100014532212156
0.0100014178131597
0.0100013832695485
0.010001349569231
0.0100013166915753
0.0100012846164552
0.0100012533242383
0.0100012227957735
0.0100011930123795
0.0100011639558327
0.0100011356083566
0.0100011079526104
0.0100010809716784
0.0100010546490594
0.010001028968657
0.0100010039147688
0.0100009794720778
0.0100009556256419
0.0100009323608853
0.0100009096635895
0.0100008875198841
0.0100008659162386
0.0100008448394541
0.0100008242766548
0.0100008042152806
0.0100007846430787
0.0100007655480965
0.0100007469186742
0.0100007287434376
0.0100007110112907
0.0100006937114094
0.0100006768332346
0.0100006603664658
0.0100006443010545
0.0100006286271982
0.0100006133353344
0.0100005984161346
0.0100005838604986
0.0100005696595491
0.0100005558046257
0.0100005422872802
0.010000529099271
0.0100005162325581
0.0100005036792984
0.0100004914318404
0.0100004794827199
0.0100004678246554
0.0100004564505433
0.0100004453534538
0.0100004345266267
0.0100004239634671
0.0100004136575411
0.0100004036025725
0.0100003937924383
0.0100003842211653
0.0100003748829263
0.0100003657720366
0.0100003568829505
0.0100003482102577
0.0100003397486803
0.0100003314930692
0.0100003234384015
0.0100003155797767
0.0100003079124142
0.0100003004316502
0.0100002931329348
0.0100002860118295
0.0100002790640038
0.0100002722852334
0.0100002656713971
0.0100002592184741
0.0100002529225423
0.010000246779775
0.010000240786439
0.0100002349388925
0.0100002292335825
0.0100002236670427
0.0100002182358914
0.0100002129368297
0.0100002077666392
0.0100002027221798
0.0100001978003883
0.0100001929982763
0.0100001883129282
0.0100001837414996
0.0100001792812157
0.0100001749293693
0.0100001706833191
0.0100001665404886
0.0100001624983639
0.0100001585544925
0.0100001547064819
0.0100001509519978
0.0100001472887628
0.0100001437145554
0.0100001402272079
0.0100001368246058
0.0100001335046858
0.0100001302654353
0.0100001271048907
0.0100001240211361
0.0100001210123026
0.0100001180765666
0.0100001152121492
0.0100001124173148
0.01000010969037
0.010000107029663
0.0100001044335818
0.0100001019005542
0.0100000994290461
0.0100000970175606
0.0100000946646377
0.0100000923688527
0.0100000901288157
0.0100000879431707
0.0100000858105947
0.010000083729797
0.0100000816995183
0.0100000797185301
0.0100000777856337
0.0100000758996597
0.0100000740594671
0.0100000722639428
0.0100000705120007
0.0100000688025813
0.0100000671346508
0.0100000655072007
0.0100000639192469
0.0100000623698294
0.0100000608580116
0.0100000593828797
0.0100000579435419
0.0100000565391285
0.0100000551687908
0.0100000538317008
0.0100000525270505
0.0100000512540518
0.0100000500119357
0.0100000487999519
0.0100000476173684
0.0100000464634711
0.0100000453375631
0.0100000442389645
0.0100000431670121
0.0100000421210587
0.0100000411004729
0.0100000401046386
0.010000039132955
0.0100000381848354
0.0100000372597078
0.0100000363570139
0.0100000354762091
0.010000034616762
0.0100000337781542
0.0100000329598797
0.0100000321614451
0.0100000313823687
0.0100000306221808
0.010000029880423
0.0100000291566479
0.0100000284504193
0.0100000277613114
0.0100000270889087
0.0100000264328059
0.0100000257926077
0.010000025167928
0.0100000245583906
0.010000023963628
0.0100000233832819
0.0100000228170027
0.0100000222644491
0.0100000217252882
0.0100000211991954
0.0100000206858536
0.0100000201849537
0.010000019696194
0.0100000192192802
0.010000018753925
0.0100000182998482
0.0100000178567764
0.0100000174244429
0.0100000170025873
0.0100000165909556
0.0100000161893001
0.0100000157973789
0.0100000154149561
0.0100000150418016
0.0100000146776907
0.0100000143224043
0.0100000139757285
0.0100000136374547
0.0100000133073794
0.0100000129853038
0.0100000126710342
0.0100000123643815
0.010000012065161
0.0100000117731929
0.0100000114883013
0.0100000112103149
0.0100000109390664
0.0100000106743925
0.0100000104161341
0.0100000101641358
0.0100000099182458
0.0100000096783164
0.010000009444203
0.0100000092157649
0.0100000089928646
0.010000008775368
0.0100000085631442
0.0100000083560655
0.0100000081540073
0.0100000079568481
0.0100000077644691
0.0100000075767546
0.0100000073935917
0.0100000072148701
0.0100000070404823
0.0100000068703232
0.0100000067042906
0.0100000065422844
0.0100000063842071
0.0100000062299635
0.0100000060794609
0.0100000059326085
0.010000005789318
0.0100000056495031
0.0100000055130796
0.0100000053799653
0.0100000052500801
0.0100000051233457
0.0100000049996857
0.0100000048790258
0.0100000047612931
0.0100000046464168
0.0100000045343275
0.0100000044249578
0.0100000043182418
0.010000004214115
0.0100000041125148
0.0100000040133798
0.0100000039166503
0.0100000038222679
0.0100000037301758
0.0100000036403183
0.0100000035526412
0.0100000034670917
0.010000003383618
0.0100000033021699
0.0100000032226981
0.0100000031451547
0.0100000030694928
0.0100000029956668
0.010000002923632
0.0100000028533449
0.0100000027847632
0.0100000027178452
0.0100000026525507
0.01000000258884
0.0100000025266747
0.0100000024660173
0.010000002406831
0.01000000234908
0.0100000022927294
0.0100000022377452
0.0100000021840939
0.0100000021317433
0.0100000020806615
0.0100000020308177
0.0100000019821817
0.0100000019347241
0.0100000018884161
0.0100000018432296
0.0100000017991374
0.0100000017561127
0.0100000017141294
0.0100000016731621
0.0100000016331861
0.010000001594177
0.0100000015561112
0.0100000015189657
0.010000001482718
0.0100000014473461
0.0100000014128286
0.0100000013791445
0.0100000013462735
0.0100000013141957
0.0100000012828915
0.0100000012523421
0.0100000012225289
0.0100000011934339
0.0100000011650395
0.0100000011373285
0.010000001110284
0.0100000010838898
0.0100000010581298
0.0100000010329886
0.0100000010084508
0.0100000009845016
0.0100000009611266
0.0100000009383116
0.0100000009160429
0.010000000894307
0.0100000008730909
0.0100000008523816
0.0100000008321667
0.0100000008124341
0.0100000007931719
0.0100000007743684
0.0100000007560124
0.0100000007380928
0.0100000007205989
0.0100000007035202
0.0100000006868464
0.0100000006705675
0.0100000006546739
0.010000000639156
0.0100000006240045
0.0100000006092104
0.0100000005947649
0.0100000005806594
0.0100000005668855
0.0100000005534351
0.0100000005403
0.0100000005274727
0.0100000005149455
0.010000000502711
0.0100000004907619
0.0100000004790913
0.0100000004676924
0.0100000004565583
0.0100000004456827
0.0100000004350592
0.0100000004246815
0.0100000004145436
0.0100000004046397
0.0100000003949641
0.010000000385511
0.0100000003762751
0.0100000003672511
0.0100000003584338
0.0100000003498181
0.0100000003413992
0.0100000003331722
0.0100000003251325
0.0100000003172756
0.0100000003095969
0.0100000003020922
0.0100000002947573
0.0100000002875881
0.0100000002805805
0.0100000002737308
0.0100000002670351
0.0100000002604897
0.010000000254091
0.0100000002478356
0.01000000024172
0.0100000002357409
0.0100000002298951
0.0100000002242632
0.0100000002189852
0.0100000002138228
0.0100000002087731
0.0100000002038332
0.0100000001990002
0.0100000001942716
0.0100000001896446
0.0100000001851167
0.0100000001806855
0.0100000001763484
0.0100000001721032
0.0100000001679477
0.0100000001638795
0.0100000001598966
0.0100000001559968
0.0100000001521783
0.0100000001484389
0.0100000001447769
0.0100000001411903
0.0100000001376775
0.0100000001342366
0.010000000130866
0.0100000001275641
0.0100000001243294
0.0100000001211603
0.0100000001180553
0.010000000115013
0.0100000001120321
0.0100000001091112
0.010000000106249
0.0100000001034443
0.0100000001006959
0.0100000000980026
0.0100000000953632
0.0100000000927768
0.0100000000902423
0.0100000000877896
0.0100000000855629
0.0100000000833759
0.0100000000812277
0.0100000000791175
0.0100000000770446
0.0100000000750081
0.0100000000730074
0.0100000000710418
0.0100000000691107
0.0100000000672134
0.0100000000653494
0.0100000000635181
0.010000000061719
0.0100000000599517
0.0100000000582156
0.0100000000565104
0.0100000000548356
0.0100000000531909
0.0100000000515758
0.010000000050087
0.0100000000486702
0.0100000000472739
0.0100000000458981
0.0100000000445424
0.0100000000432067
0.0100000000418911
0.0100000000405953
0.0100000000393193
0.0100000000380631
0.0100000000368267
0.01000000003561
0.0100000000344131
0.0100000000333358
0.0100000000322792
0.0100000000312353
0.0100000000302043
0.0100000000291864
0.0100000000281819
0.010000000027191
0.0100000000262139
0.010000000025251
0.0100000000243688
0.0100000000235127
0.0100000000226652
0.0100000000218268
0.010000000020998
0.0100000000201792
0.0100000000193709
0.0100000000186315
0.0100000000179067
0.0100000000171882
0.0100000000164766
0.0100000000157727
0.0100000000151006
0.0100000000144658
0.0100000000138354
0.0100000000132103
0.0100000000125919
0.010000000012025
0.010000000011461
0.010000000010901
0.0100000000103604
0.010000000009848
0.0100000000093382
0.0100000000088423
0.0100000000083728
0.0100000000079053
0.0100000000074607
0.0100000000070271
0.0100000000066063
0.010000000006202
0.0100000000058092
0.0100000000054302
0.0100000000050665
0.0100000000047123
0.0100000000043744
0.0100000000040495
0.0100000000037364
0.010000000003436
0.0100000000031483
0.0100000000028732
0.0100000000026103
0.0100000000023598
0.0100000000021224
0.0100000000018968
0.0100000000016834
0.0100000000014823
0.0100000000012933
0.0100000000011166
0.0100000000009521
0.0100000000007998
0.0100000000006599
0.0100000000005323
0.0100000000004172
0.0100000000003148
0.0100000000002252
0.0100000000001487
0.0100000000000858
0.0100000000000367
0.01
