1.109643839000099
0.5477366990748095
-0.1751404168304567
0.08754465715117586
-0.05293312375698429
0.03559402117886666
-0.02561748536735168
0.01932852261987417
-0.01509848612572902
0.01211192314371182
-0.009922391693837481
0.008268166161627935
-0.006987267558650077
0.005974937599951378
-0.005160906553772936
0.004496566233135195
-0.003947396692702869
0.003488319208535213
-0.003100748656733482
0.002770669035350024
-0.002487344686311457
0.002242437601527148
-0.002029390604858209
0.001842988488468718
-0.001679040640652622
0.001534148117785603
-0.00140553037470198
0.00129089477480425
-0.001188337198053553
0.001096265540618846
-0.001013340261976511
0.0009384277643491686
-0.0008705635284360182
0.0008089227359888725
-0.0007527966877495042
0.0007015737439835981
-0.0006547238213419014
0.00061178570630579
-0.0005723566144232867
0.0005360835516282148
-0.0005026561303051013
0.0004718005663974372
-0.0004432746405268463
0.0004168634500023245
-0.0003923758128451235
0.0003696412118279069
-0.0003485071877377342
0.0003288371079075584
-0.0003105082494941234
0.000293410147753346
-0.0002774431682460418
0.0002625172689358097
-0.0002485509238568523
0.0002354701846976531
-0.0002232078604743785
0.0002117027986191171
-0.000200899253412088
0.0001907463298465163
-0.0001811974928121218
0.0001722101329838628
-0.0001637451820597938
0.0001557667710483093
-0.0001482419261955138
0.00014114029789614
-0.0001344339185694965
0.0001280969860242589
-0.0001221056692981287
0.0001164379343532428
-0.0001110733873464637
0.000105993133484036
-0.0001011796497199697
9.661666977300411e-05
-9.228908012326522e-05
8.818282581105543e-05
-8.428482500023108e-05
8.058289139038348e-05
-7.706566366813952e-05
7.372254128051113e-05
-7.054362589422449e-05
6.751966797592306e-05
-6.464201799041704e-05
6.190258176890468e-05
-5.929377964730249e-05
5.680850901733613e-05
-5.44401099706119e-05
5.218233374910716e-05
-5.002931374496444e-05
4.797553881858987e-05
-4.601582872726985e-05
4.414531147716411e-05
-4.23594024299359e-05
4.065378501168939e-05
-3.902439288654655e-05
3.746739347030841e-05
-3.597917267138411e-05
3.45563207567009e-05
-3.319561924975631e-05
3.189402877646215e-05
-3.064867778207101e-05
2.945685204935365e-05
-2.831598495439838e-05
2.722364840200048e-05
-2.617754438766765e-05
2.51754971378406e-05
-2.421544578406712e-05
2.329543753062141e-05
-2.241362127846124e-05
2.156824167150482e-05
-2.075763353401745e-05
1.998021667044791e-05
-1.923449100138161e-05
1.851903201139123e-05
-1.783248648649811e-05
1.717356852071742e-05
-1.654105577277058e-05
1.593378595551703e-05
-1.535065354200404e-05
1.479060667326367e-05
-1.425264425411425e-05
1.373581322425895e-05
-1.323920599292084e-05
1.276195802612716e-05
-1.230324557655501e-05
1.18622835465865e-05
-1.143832347589887e-05
1.103065164553835e-05
-1.063858729100065e-05
1.026148091737062e-05
-9.898712710061806e-06
9.549691035147285e-06
-9.213851023689563e-06
8.890653234862134e-06
-8.579582393010549e-06
8.280146194130505e-06
-7.991874177544543e-06
7.714316658842027e-06
-7.447043720407263e-06
7.189644256104529e-06
-6.941725066913021e-06
6.702910004513611e-06
-6.472839160023142e-06
6.251168095253302e-06
-6.037567114037006e-06
5.831720571322386e-06
-5.633326217879234e-06
5.442094578597395e-06
-5.257748362482952e-06
5.080021902575003e-06
-4.908660624115153e-06
4.743420539403967e-06
-4.584067767873612e-06
4.43037807999498e-06
-4.282136463720289e-06
4.139136712239938e-06
-4.001181031904952e-06
3.868079669233643e-06
-3.739650555985341e-06
3.615718971342725e-06
-3.496117220300131e-06
3.380684327407583e-06
-3.269265745068402e-06
3.161713075634812e-06
-3.057883806588197e-06
2.95764105813134e-06
-2.860853342557448e-06
2.76739433479661e-06
-2.677142653573177e-06
2.589981652639239e-06
-2.505799221578594e-06
2.424487595703277e-06
-2.345943174590792e-06
2.270066348834606e-06
-2.196761334603475e-06
2.125936015626877e-06
-2.0575017922443e-06
1.991373437175221e-06
-1.927468957684886e-06
1.865709463838003e-06
-1.806019042548569e-06
1.748324637149279e-06
-1.692555932218267e-06
1.63864524341451e-06
-1.586527412085886e-06
1.536139704426088e-06
-1.487421714967841e-06
1.440315274210774e-06
-1.394764360192288e-06
1.350715013819652e-06
-1.308115257790255e-06
1.266915018936031e-06
-1.22706605383575e-06
1.188521877546868e-06
-1.151237695315841e-06
1.115170337132625e-06
-1.080278195001753e-06
1.046521162808482e-06
-1.013860578664412e-06
9.822591696224992e-07
-9.516809986567636e-07
9.220914138068081e-07
-8.93456999392216e-07
8.657455292062302e-07
-8.389259216024784e-07
8.129681963925234e-07
-7.878434334758498e-07
7.635237331276398e-07
-7.39982177872987e-07
7.171927958797141e-07
-6.951305258048759e-07
6.737711830331702e-07
-6.530914272482167e-07
6.330687312803681e-07
-6.136813511772971e-07
5.949082974460407e-07
-5.767293074174309e-07
5.591248186861508e-07
-5.420759435816241e-07
5.25564444627088e-07
-5.095727109459361e-07
4.940837355763668e-07
-4.790810936570075e-07
4.645489214478648e-07
-4.504718961525039e-07
4.368352165088391e-07
-4.236245841173711e-07
4.108261854770092e-07
-3.984266746999589e-07
3.864131568783476e-07
-3.747731720764592e-07
3.634946799235526e-07
-3.525660447833165e-07
3.419760214770335e-07
-3.317137415384849e-07
3.217686999795823e-07
-3.121307425465748e-07
3.027900534475356e-07
-2.937371435326521e-07
2.849628389095902e-07
-2.76458269976976e-07
2.682148608597092e-07
-2.60224319230523e-07
2.524786265028259e-07
-2.449700283805025e-07
2.376910257509179e-07
-2.306343659079415e-07
2.237930340923444e-07
-2.171602453374379e-07
2.107294366083178e-07
-2.044942592235373e-07
1.984485715485019e-07
-1.925864319502963e-07
1.869020920040651e-07
-1.813899899414824e-07
1.760447443321982e-07
-1.708611479895364e-07
1.658341620920455e-07
-1.609589105128548e-07
1.562306743490872e-07
-1.516448866439072e-07
1.471971272940481e-07
-1.428831181359744e-07
1.386987182040713e-07
-1.346399191545341e-07
1.307028408488695e-07
-1.268837270911492e-07
1.231789415134003e-07
-1.195849636037117e-07
1.160983848718692e-07
-1.127159051475095e-07
1.094343290059897e-07
-1.062505623173502e-07
1.03161608913915e-07
-1.001645673722602e-07
9.725662790543112e-08
-9.443506936144774e-08
9.169725632429029e-08
-8.904063631369884e-08
8.646273708025757e-08
-8.396116399237045e-08
8.15335975118586e-08
-7.917779075503344e-08
7.689156713622026e-08
-7.467281809081094e-08
7.251950087504568e-08
-7.042963643981294e-08
6.840130737587254e-08
-6.643265592798781e-08
6.452188207555757e-08
-6.266724167741859e-08
6.086704467858071e-08
-5.911965337673397e-08
5.74234807464514e-08
-5.577698881908052e-08
5.417868711639515e-08
-5.262713113614646e-08
5.112092088771929e-08
-4.965869947616822e-08
4.823915173296384e-08
-4.686100289184756e-08
4.552301730824389e-08
-4.422399722073931e-08
4.296278155318958e-08
-4.173824475606628e-08
4.054929568570686e-08
-3.939487652017579e-08
3.827396171049536e-08
-3.718555696604325e-08
3.612869827296179e-08
-3.510245094446052e-08
3.410590870193627e-08
-3.313819278587096e-08
3.21984510955044e-08
-3.128585735631566e-08
3.0399610314379e-08
-2.953893295669269e-08
2.870307175661395e-08
-2.789129594355839e-08
2.710289679615632e-08
-2.633718695808287e-08
2.559349977580879e-08
-2.487118865754266e-08
2.416962645266222e-08
-2.348820485095552e-08
2.282633380101654e-08
-2.218344094716336e-08
2.155897108426585e-08
-2.095238562989589e-08
2.036316211322659e-08
-1.979079368013333e-08
1.923478861396332e-08
-1.86946698714606e-08
1.816997463335092e-08
-1.766025386910685e-08
1.716507191543083e-08
-1.668400606800862e-08
1.62166461861015e-08
-1.576259430955957e-08
1.532146428785289e-08
-1.489288142073091e-08
1.447648211013336e-08
-1.407191352298897e-08
1.367883326454969e-08
-1.329690906192121e-08
1.292581845746074e-08
-1.256524851172436e-08
1.221489551565718e-08
-1.187446471172965e-08
1.154367002373259e-08
-1.122223379495422e-08
1.090988653447029e-08
-1.060636667128864e-08
1.031142031609745e-08
-1.002480103037404e-08
9.746269602620741e-09
-9.475593831500478e-09
9.212548315653084e-09
-8.956914249980194e-09
8.708479228193945e-09
-8.467037051430549e-09
8.232387542737468e-09
-8.004336367248252e-09
7.782694857865666e-09
-7.567279846279317e-09
7.357913499149918e-09
-7.154423159297506e-09
6.956641191736385e-09
-6.764404834404698e-09
6.577556053441255e-09
-6.395941402867396e-09
6.219411888535696e-09
-6.047822836212393e-09
5.881033763664313e-09
-5.718908256625343e-09
5.561313848521608e-09
-5.408121903838158e-09
5.259207505014113e-09
-5.114449342756392e-09
4.973729609666129e-09
-4.836933897074775e-09
4.703951094990623e-09
-4.574673295059482e-09
4.448995696446123e-09
-4.326816514546463e-09
4.20803689244299e-09
-4.092560815018848e-09
3.980295025648743e-09
-3.871148945387254e-09
3.765034594577906e-09
-3.661866516808467e-09
3.561561705140577e-09
-3.464039530543947e-09
3.369221672467461e-09
-3.277032051482052e-09
3.187396763931647e-09
-3.100244018531108e-09
3.015504074851546e-09
-2.933109183635577e-09
2.852993528886618e-09
-2.775093171678346e-09
2.699345995631886e-09
-2.625691654010084e-09
2.554071518379747e-09
-2.484428628794277e-09
2.416707645450562e-09
-2.350854801775559e-09
2.286817858899187e-09
-2.224546061471701e-09
2.163990094784802e-09
-2.105102043157289e-09
2.04783534954694e-09
-1.99214477635175e-09
1.93798636736469e-09
-1.885317410847244e-09
1.834096403688132e-09
-1.784283016614552e-09
1.73583806042437e-09
-1.688723453208683e-09
1.642902188534928e-09
-1.59833830456193e-09
1.55499685405887e-09
-1.512843875301207e-09
1.471846363817336e-09
-1.431972244960528e-09
1.393190347281615e-09
-1.355470376678459e-09
1.318782891299113e-09
-1.283099277176211e-09
1.24839172457085e-09
-1.214633205004851e-09
1.181797448960956e-09
-1.14985892423114e-09
1.118792814893812e-09
-1.088575000901247e-09
1.059182038259195e-09
-1.0305911397811e-09
1.002780156400008e-09
-9.757275590215524e-10
9.494124209021965e-10
-9.238144005370664e-10
8.989137250424631e-10
-8.746911740183999e-10
8.51128063877068e-10
-8.282062326234846e-10
8.059080250750267e-10
-7.842162785069762e-10
7.631143087115081e-10
-7.425858964580351e-10
7.226152743431023e-10
-7.031871140184217e-10
6.842865137859444e-10
-6.658989865492806e-10
6.480104481109495e-10
-6.306072058054395e-10
6.136759474581861e-10
-5.972037306610105e-10
5.811779723547235e-10
-5.655864387099908e-10
5.504172352977185e-10
-5.356587975405526e-10
5.212998814372914e-10
-5.073295545522796e-10
4.937371872620738e-10
-4.805124442518959e-10
4.676452762546303e-10
-4.551259120253253e-10
4.42944850544348e-10
-4.310928534425838e-10
4.195609376422391e-10
-4.083403682069983e-10
3.974226513954841e-10
-3.86799527912136e-10
3.764629663498016e-10
-3.664051568184986e-10
3.566185047549778e-10
-3.470956249078612e-10
3.378293354933028e-10
-3.288126525162424e-10
3.200387842524936e-10
-3.115011258870295e-10
3.031932543039705e-10
-2.951089230239156e-10
2.872420572843783e-10
-2.795867492592122e-10
2.721372534130451e-10
-2.648879819868387e-10
2.578335006108139e-10
-2.509685240410952e-10
2.442879120165246e-10
-2.377866652322068e-10
2.314599214264406e-10
-2.253029515777992e-10
2.19311156209204e-10
-2.134800617959372e-10
2.078053172746238e-10
-2.022826906503059e-10
1.96908065698798e-10
-1.91677438761619e-10
1.865869156308572e-10
-1.816327085214038e-10
1.768111331280708e-10
-1.721186057651748e-10
1.675516405862467e-10
-1.63106846881579e-10
1.58780926451408e-10
-1.545706710525779e-10
1.504729599166056e-10
-1.464847573371112e-10
1.426031103246561e-10
-1.388251463270727e-10
1.351480710134317e-10
-1.315691661198449e-10
1.280857873553517e-10
-1.246953623661908e-10
1.213953887568072e-10
-1.181834321659832e-10
1.150571243965509e-10
-1.120141615971553e-10
1.090523024946115e-10
-1.061693666754247e-10
1.033632329150837e-10
-1.006318375537855e-10
9.797317291728065e-11
-9.538528578156852e-11
9.286627588020828e-11
-9.041429445304766e-11
8.802754283520272e-11
-8.570427108515847e-11
8.344277665088953e-11
-8.124140307293568e-11
7.909853872339166e-11
-7.701261557980509e-11
7.498210803300229e-11
-7.300553172789327e-11
7.108144243632709e-11
-6.920843496110398e-11
6.738514207026946e-11
-6.561023346084329e-11
6.38824147511596e-11
-6.22004265010192e-11
6.056304325887403e-11
-5.896907263529107e-11
5.741735440195943e-11
-5.590675961552987e-11
5.443618976559089e-11
-5.300457594611032e-11
5.161087804968684e-11
-5.025408398397516e-11
4.893320890966921e-11
-4.764729449944042e-11
4.639540821724863e-11
-4.517664261745907e-11
4.399011466321398e-11
-4.283496506352268e-11
4.17103576285521e-11
-4.061547864260872e-11
3.954953625432366e-11
-3.851175988356113e-11
3.750139964458695e-11
-3.651772578504607e-11
3.556002814031075e-11
-3.462761560277239e-11
3.371981560566401e-11
-3.283597362101064e-11
3.197545267131529e-11
-3.113763285460233e-11
3.03219108824463e-11
-2.952769963062896e-11
2.875442770207469e-11
-2.800153900172415e-11
2.72684923230175e-11
-2.655476094566616e-11
2.585983224440055e-11
-2.518320730839268e-11
2.452440057105745e-11
-2.388293944994697e-11
2.325836399645968e-11
-2.265022655509419e-11
2.205809143198408e-11
-2.148153457245851e-11
2.092014324738015e-11
-2.037351574801876e-11
1.984126108922572e-11
-1.932299872068113e-11
1.881835824599134e-11
-1.832697914942173e-11
1.78485105300543e-11
-1.738261084316665e-11
1.692894764863387e-11
-1.64871973661606e-11
1.605704503715581e-11
-1.563818409306851e-11
1.523031613000655e-11
-1.48331506894669e-11
1.444640504500961e-11
-1.4069803994713e-11
1.370307965925127e-11
-1.334597128544115e-11
1.299822505510753e-11
-1.265959389912287e-11
1.232983731647878e-11
-1.200872119825208e-11
1.16960176563319e-11
-1.139150485677737e-11
1.109496685767976e-11
-1.080619345140591e-11
1.052498001110337e-11
-1.025112734135116e-11
9.98444153284274e-12
-9.724733820991502e-12
9.471820448351784e-12
-9.225522530751483e-12
8.985665927034996e-12
-8.752081112318333e-12
8.524603054660615e-12
-8.303071095059244e-12
8.087328830677932e-12
-7.87722400122003e-12
7.672608378361266e-12
-7.47333765815914e-12
7.279271356357616e-12
-7.090272706508823e-12
6.906208560835017e-12
-6.72694929375663e-12
6.552368708013743e-12
-6.382343943310868e-12
6.216755387416439e-12
-6.055486589650458e-12
5.898424176695659e-12
-5.745457770668981e-12
5.596479909392337e-12
-5.451385968803025e-12
5.310074087445708e-12
-5.172445092989813e-12
5.03840243071735e-12
-4.907852093927993e-12
4.780702556209389e-12
-4.656864705522425e-12
4.536251780052212e-12
-4.418779305777234e-12
4.304365035710069e-12
-4.192928890764673e-12
4.084392902206158e-12
-3.978681155640539e-12
3.87571973650258e-12
-3.775436677001639e-12
3.677761904485973e-12
-3.582627191187298e-12
3.489966105308435e-12
-3.39971396341775e-12
3.311807784115258e-12
-3.226186242936091e-12
3.14278962845801e-12
-3.061559799580518e-12
2.982440143944085e-12
-2.905375537458731e-12
2.830312304912206e-12
-2.757198181628657e-12
2.685982276149536e-12
-2.616615033909333e-12
2.549048201879298e-12
-2.483234794153234e-12
2.419129058449983e-12
-2.356686443508012e-12
2.295863567348177e-12
-2.236618186381284e-12
2.178909165337846e-12
-2.122696447997955e-12
2.067941028699777e-12
-2.014604924605837e-12
1.962651148706741e-12
-1.912043683542596e-12
1.862747455622857e-12
-1.814728310525936e-12
1.767952988660342e-12
-1.722389101669627e-12
1.678005109463935e-12
-1.634770297861344e-12
1.592654756822718e-12
-1.551629359264169e-12
1.511665740431688e-12
-1.472736277822921e-12
1.434814071641452e-12
-1.397872925769361e-12
1.361887329244214e-12
-1.326832438227008e-12
1.292684058447969e-12
-1.259418628117399e-12
1.227013201289248e-12
-1.195445431665207e-12
1.164693556827681e-12
-1.134736382890128e-12
1.10555326955366e-12
-1.077124115559075e-12
1.04942934452376e-12
-1.022449891153234e-12
9.961671878173209e-13
-9.705631514812673e-13
9.456201709823077e-13
-9.21321094642539e-13
8.976492182090841e-13
-8.745882731128959e-13
8.521224150376682e-13
-8.302362127906442e-13
8.089146374672662e-13
-7.881430519018643e-13
7.679072003967737e-13
-7.481931987224902e-13
7.28987524381636e-13
-7.10277007129762e-13
6.920488197461244e-13
-6.742904690478318e-13
6.569897871408775e-13
-6.401349229017678e-13
6.237143336836592e-13
-6.07716777240984e-13
5.921313038668335e-13
-5.769472487374187e-13
5.621542244581132e-13
-5.477421138057585e-13
5.337010626620065e-13
-5.200214731326505e-13
5.066939968480031e-13
-4.937095284395361e-13
4.8105919918811e-13
-4.687343708392468e-13
4.567266295810234e-13
-4.450277801802862e-13
4.33629840272989e-13
-4.22525034804583e-13
4.117057906164862e-13
-4.011647311747656e-13
3.908946714372761e-13
-3.808886128555952e-13
3.711397385081886e-13
-3.616414083613314e-13
3.523871546544285e-13
-3.433706774064261e-13
3.345858400401274e-13
-3.260266651212973e-13
3.176873302095274e-13
-3.095621638179036e-13
3.016456414786133e-13
-2.93932381911689e-13
2.864171432941759e-13
-2.790948196270652e-13
2.719604371974233e-13
-2.650091511331983e-13
2.582362420482703e-13
-2.516371127753576e-13
2.452072851844691e-13
-2.389423970846475e-13
2.328381992068078e-13
-2.268905522655394e-13
2.210954240977874e-13
-2.154488868763902e-13
2.099471143965061e-13
-2.04586379433007e-13
1.993630511669741e-13
-1.942735926794754e-13
1.89314558510857e-13
-1.844825922838241e-13
1.797744243886363e-13
-1.751868697287808e-13
1.70716825525537e-13
-1.663612691798846e-13
1.621172561902442e-13
-1.579819181245895e-13
1.539524606455014e-13
-1.50026161586769e-13
1.462003690801894e-13
-1.424724997312466e-13
1.388400368423886e-13
-1.35300528682646e-13
1.318515868023872e-13
-1.284908843920174e-13
1.252161546834728e-13
-1.220251893933869e-13
1.189158372068348e-13
-1.158860023005944e-13
1.129336429048868e-13
-1.100567699025868e-13
1.072534454649238e-13
-1.045217817227164e-13
1.018599394722077e-13
-9.92661269145988e-14
9.673859842839551e-14
-9.427565337370932e-14
9.187563492767836e-14
-8.953692895018988e-14
8.725796287911615e-14
-8.50372046542876e-14
8.287316166945298e-14
-8.076437975149558e-14
7.870944216619022e-14
-7.670696864981012e-14
7.475561446590496e-14
-7.285406948659386e-14
7.100105729773244e-14
-6.919533432732941e-14
6.743568899660702e-14
-6.572094089311075e-14
6.40499399652954e-14
-6.242156573802616e-14
6.083472654844619e-14
-5.928835880168258e-14
5.778142624587052e-14
-5.631291926599167e-14
5.488185419603735e-14
-5.348727264901636e-14
5.212824086434386e-14
-5.08038490721566e-14
4.951321087411387e-14
-4.825546264025387e-14
4.70297629214876e-14
-4.583529187732185e-14
4.467125071841498e-14
-4.353686116357893e-14
4.243136491085026e-14
-4.13540231222655e-14
4.030411592198188e-14
-3.928094190739693e-14
3.828381767292878e-14
-3.731207734612669e-14
3.636507213579104e-14
-3.544216989179101e-14
3.454275467627438e-14
-3.36662263459739e-14
3.281200014532101e-14
-3.197950631008599e-14
3.116818968127077e-14
-3.037750932898799e-14
2.960693818606582e-14
-2.885596269112694e-14
2.812408244089417e-14
-2.741080985148391e-14
2.671566982845306e-14
-2.603819944537247e-14
2.537794763070539e-14
-2.473447486277454e-14
2.410735287260868e-14
-2.349616435446316e-14
2.29005026838157e-14
-2.231997164264321e-14
2.175418515179035e-14
-2.120276701024618e-14
2.066535064114928e-14
-2.014157884434672e-14
1.963110355533717e-14
-1.913358561043195e-14
1.864869451797318e-14
-1.817610823545171e-14
1.771551295237189e-14
-1.726660287871386e-14
1.682908003884874e-14
-1.640265407076466e-14
1.598704203046675e-14
-1.558196820141605e-14
1.518716390887736e-14
-1.480236733904893e-14
1.442732336284922e-14
-1.406178336424085e-14
1.370550507297399e-14
-1.335825240163437e-14
1.301979528688484e-14
-1.268990953479142e-14
1.23683766701283e-14
-1.205498378955865e-14
1.174952341859089e-14
-1.145179337221256e-14
1.116159661910653e-14
-1.0878741149357e-14
1.060303984555459e-14
-1.033431035721277e-14
1.007237497840967e-14
-9.817060528572018e-15
9.568198236319554e-15
-9.325623626290857e-15
9.089176408873321e-15
-8.858700372762135e-15
8.634043280274929e-15
-8.415056765350762e-15
8.201596234163954e-15
-7.993520768285054e-15
7.79069303032284e-15
-7.592979171983396e-15
7.400248744483172e-15
-7.212374611255554e-15
7.029232862891125e-15
-6.850702734253926e-15
6.67666652371726e-15
-6.507009514464077e-15
6.34161989779843e-15
-6.180388698415794e-15
6.023209701581463e-15
-5.869979382167496e-15
5.720596835499932e-15
-5.574963709969288e-15
5.432984141358483e-15
-5.294564688843605e-15
5.159614272623904e-15
-5.02804411313876e-15
4.899767671830115e-15
-4.774700593410268e-15
4.652760649595641e-15
-4.533867684268348e-15
4.417943560028194e-15
-4.304912106098765e-15
4.194699067552174e-15
-4.08723205581788e-15
3.982440500441835e-15
-3.880255602063165e-15
3.780610286576277e-15
-3.683439160447116e-15
3.588678467153076e-15
-3.496266044716817e-15
3.406141284304899e-15
-3.318245089862936e-15
3.232519838759511e-15
-3.148909343411954e-15
3.067358813867419e-15
-2.987814821313619e-15
2.910225262493943e-15
-2.834539325002303e-15
2.760707453433663e-15
-2.688681316366624e-15
2.618413774155007e-15
-2.549858847505807e-15
2.482971686821382e-15
-2.417708542284104e-15
2.354026734662181e-15
-2.291884626815658e-15
2.231241595882012e-15
-2.172058006121013e-15
2.1142951823989e-15
-2.057915384292077e-15
2.002881780790855e-15
-1.949158425583862e-15
1.896710232903986e-15
-1.845502953916734e-15
1.795503153632007e-15
-1.746678188320284e-15
1.698996183414124e-15
-1.652426011875873e-15
1.606937273012136e-15
-1.562500271715477e-15
1.519085998113321e-15
-1.476666107603653e-15
1.435212901256521e-15
-1.394699306559653e-15
1.355098858485614e-15
-1.316385680856962e-15
1.278534467984575e-15
-1.241520466552872e-15
1.205319457723929e-15
-1.169907739430399e-15
1.135262108824711e-15
-1.101359844849138e-15
1.06817869088789e-15
-1.035696837458343e-15
1.003892904893693e-15
-9.727459259635922e-16
9.422353283725351e-16
-9.123409170675788e-16
8.830428562772338e-16
-8.543216511916225e-16
8.261581291797814e-16
-7.985334204228432e-16
7.71428937820845e-16
-7.448263560053154e-16
7.187075892582635e-16
-6.930547680992048e-16
6.678502142533528e-16
-6.430764136533435e-16
6.187159870502624e-16
-5.947516577124421e-16
5.711662155659488e-16
-5.479424769698728e-16
5.250632391100933e-16
-5.025112277196417e-16
4.802690364675521e-16
-4.58319055865652e-16
4.366433888724734e-16
-4.152237494487674e-16
3.940413390245234e-16
-3.730766939955724e-16
3.523094947004291e-16
-3.317183223881715e-16
3.112803447397133e-16
-2.909709012999882e-16
2.707629455328909e-16
-2.506262761578068e-16
2.305264494563056e-16
-2.104231914259569e-16
1.902679926156871e-16
-1.700002985684087e-16
1.495411324887383e-16
-1.287816373384177e-16
1.075604624116359e-16
-8.561284262262766e-17
6.243035356494324e-17
-3.67078311766935e-17
